<?xml version="1.0" encoding="UTF-8" ?>
<root>
    <map>
        <startx>22</startx>
        <starty>4</starty>
        <goalx>25</goalx>
        <goaly>62</goaly>
        <width>64</width>
        <height>64</height>
        <grid>
            <row>0 0 0 0 0 0 0 0 0 0 0 0 0 0 0 0 0 0 0 0 0 0 0 0 0 0 0 0 0 0 0 0 0 0 0 0 0 0 0 0 0 0 0 0 0 0 0 0 0 0 0 0 0 0 0 0 0 0 0 0 0 0 0 0</row>
            <row>0 0 0 0 0 0 0 0 0 0 0 0 0 0 0 0 0 0 0 0 0 0 0 0 0 0 0 0 0 0 0 0 0 0 0 0 0 0 0 0 0 0 0 0 0 0 0 0 0 0 0 0 0 0 0 0 0 0 0 0 0 0 0 0</row>
            <row>0 0 0 0 0 0 0 0 0 0 0 0 0 0 0 0 0 0 0 0 0 0 0 0 0 0 0 0 0 0 0 0 0 0 0 0 0 0 0 0 0 0 0 0 0 0 0 0 0 0 0 0 0 0 0 0 0 0 0 0 0 0 0 0</row>
            <row>0 0 0 0 0 0 0 0 0 0 0 0 0 0 0 0 0 0 0 0 0 0 0 0 0 0 0 0 0 0 0 0 0 0 0 0 0 0 0 0 0 0 0 0 0 0 0 0 0 0 0 0 0 1 1 1 1 0 0 0 0 0 0 0</row>
            <row>0 0 0 0 0 0 0 0 0 0 0 0 0 0 0 0 0 0 0 0 0 0 0 0 0 0 0 0 0 0 0 0 0 0 0 0 0 0 0 0 0 0 0 0 0 0 0 0 0 0 0 0 0 1 1 1 1 0 0 0 0 0 0 0</row>
            <row>0 0 0 0 0 0 0 0 0 0 0 0 0 0 0 0 0 0 0 0 0 0 0 0 0 0 0 0 0 0 0 0 0 0 0 0 0 0 0 0 0 0 0 0 0 0 0 0 0 0 0 0 0 1 1 1 1 0 0 0 0 0 0 0</row>
            <row>0 0 0 0 0 0 0 0 0 0 0 0 0 0 0 0 0 0 0 0 0 0 0 0 0 0 0 0 0 0 0 0 0 0 0 0 0 0 0 0 0 0 1 1 1 1 1 1 1 1 1 1 1 1 0 0 0 0 0 0 0 0 0 0</row>
            <row>0 0 0 0 0 0 0 0 0 1 1 1 0 0 0 0 0 0 0 0 0 0 0 0 0 0 0 0 0 0 0 0 0 0 0 0 0 0 0 0 0 0 1 1 1 1 1 1 1 1 1 1 1 1 0 1 1 1 0 0 0 0 0 0</row>
            <row>0 0 0 0 0 0 1 1 1 1 1 1 1 1 0 0 0 0 0 0 0 1 1 1 1 1 1 1 1 1 1 1 0 0 0 0 0 0 0 0 0 0 0 0 0 0 0 0 0 1 1 1 1 1 1 1 1 1 0 0 0 0 0 0</row>
            <row>0 0 0 0 0 0 1 1 1 1 1 1 1 1 0 0 0 0 0 0 0 1 1 1 1 1 1 1 1 1 1 1 0 0 0 0 0 0 0 0 0 0 0 0 0 0 0 0 0 1 1 1 1 1 1 1 1 1 0 0 0 0 0 0</row>
            <row>0 0 0 0 0 1 1 1 1 1 1 1 1 1 1 0 0 0 0 0 0 0 0 0 0 0 0 0 0 0 0 0 0 0 0 0 0 0 0 0 0 0 0 0 0 0 0 0 0 1 1 1 1 1 1 1 1 1 0 0 0 0 0 0</row>
            <row>0 0 0 0 0 1 1 1 1 1 1 1 1 1 1 0 0 0 0 0 0 0 0 0 0 0 0 0 0 0 0 0 0 0 0 0 0 0 0 0 0 0 0 0 0 0 0 0 0 0 0 0 1 1 1 0 0 0 0 0 0 0 0 0</row>
            <row>0 0 0 0 0 1 1 1 1 1 1 1 1 1 0 0 0 0 0 0 0 0 0 0 0 0 0 0 0 0 0 0 0 0 0 0 0 0 0 0 0 0 0 0 0 0 0 0 0 0 0 0 1 1 0 0 0 0 0 0 0 0 0 0</row>
            <row>0 0 0 0 0 0 1 1 1 1 0 0 0 0 0 0 0 0 0 0 0 0 0 0 0 0 0 0 0 0 0 0 0 0 0 0 0 0 0 0 0 0 0 0 0 0 0 0 0 0 0 0 1 1 0 0 0 0 0 0 0 0 0 0</row>
            <row>0 1 1 1 1 0 1 1 1 1 0 0 0 0 0 0 0 0 0 0 0 0 0 0 0 0 0 0 0 0 0 0 0 0 0 0 0 0 0 0 0 0 0 0 0 0 0 0 0 0 0 0 1 1 0 0 0 0 0 0 0 0 0 0</row>
            <row>0 1 1 1 1 0 1 1 1 1 0 0 0 0 0 0 0 0 0 0 0 0 0 0 0 0 1 1 1 0 0 0 0 0 0 0 0 0 0 0 0 0 0 0 0 0 0 0 0 0 0 0 1 1 0 0 0 0 0 0 0 0 0 0</row>
            <row>0 1 1 1 0 0 0 0 0 0 0 0 0 0 0 0 0 0 0 0 0 0 0 0 0 0 1 1 1 0 0 0 0 0 0 0 0 0 0 0 0 0 0 0 0 0 0 0 0 0 0 0 1 1 0 0 0 0 0 0 0 0 0 0</row>
            <row>0 0 0 0 0 0 0 0 0 0 0 0 0 0 0 0 0 0 0 0 0 0 0 0 0 0 1 1 1 0 0 0 0 0 0 0 0 0 1 1 1 1 0 0 0 0 0 0 0 0 0 0 1 1 1 1 1 0 0 0 0 0 0 0</row>
            <row>0 0 0 0 0 0 0 0 0 0 0 0 0 0 0 0 0 0 0 0 1 1 1 0 0 0 0 0 0 0 0 0 0 0 0 1 1 1 1 1 1 1 0 0 0 0 0 0 0 0 0 0 1 1 1 1 1 0 0 0 0 0 0 0</row>
            <row>0 0 0 0 0 0 0 0 0 0 0 0 0 0 0 0 0 0 1 1 1 1 1 0 0 0 0 0 0 0 0 0 0 0 0 1 1 1 1 1 1 1 0 0 0 0 0 0 0 0 0 1 1 1 1 1 1 0 0 0 0 0 0 0</row>
            <row>0 0 0 0 0 0 0 0 0 0 0 0 0 0 0 0 0 0 1 1 1 1 1 0 0 0 0 0 0 0 0 0 0 0 0 1 1 1 0 0 0 0 0 0 0 0 0 0 0 0 0 1 1 1 1 1 1 0 0 0 0 0 0 0</row>
            <row>0 0 0 0 0 0 0 0 0 0 0 0 0 0 0 0 0 0 1 1 1 1 1 0 0 0 0 0 0 0 0 0 0 0 0 0 0 0 0 0 0 0 0 0 0 0 0 0 0 0 0 1 1 1 1 0 0 0 0 0 0 0 0 0</row>
            <row>0 0 0 0 0 0 0 0 0 0 0 0 0 0 0 0 0 0 0 1 1 1 1 1 1 1 0 0 0 0 0 0 0 0 0 0 0 0 0 0 0 0 0 0 0 0 0 0 0 0 0 0 1 1 1 1 1 0 0 0 0 0 0 0</row>
            <row>0 0 0 0 0 0 0 0 0 0 0 0 0 0 0 0 0 0 0 1 1 1 1 1 1 1 0 0 0 0 0 0 0 0 0 0 0 0 0 0 0 0 0 0 0 0 0 0 0 0 0 0 1 1 1 1 1 0 0 0 0 0 0 0</row>
            <row>1 1 1 1 1 1 1 1 1 1 1 0 0 0 0 0 0 0 0 1 1 1 1 1 1 1 0 0 0 0 0 0 0 0 0 0 0 0 0 0 0 0 1 1 1 1 1 1 1 1 1 1 1 1 1 1 1 1 1 0 0 0 0 0</row>
            <row>1 1 1 1 1 1 1 1 1 1 1 0 0 0 0 0 0 0 0 0 0 0 0 1 1 1 0 0 0 0 0 0 0 0 0 0 0 0 0 0 0 0 0 1 1 1 1 1 1 1 1 1 1 0 0 0 1 1 1 0 0 0 0 0</row>
            <row>0 0 0 0 0 0 0 0 0 0 0 0 0 0 0 0 0 0 0 0 0 0 0 0 0 0 0 0 0 0 0 0 0 0 0 0 0 0 0 0 0 0 0 0 0 0 0 0 0 0 0 0 0 0 0 0 1 1 1 0 0 0 0 0</row>
            <row>0 0 0 0 0 0 0 0 0 0 0 0 0 0 0 0 0 0 0 0 0 0 0 0 0 0 0 0 0 0 0 0 0 0 0 0 0 0 1 1 1 0 0 0 0 0 0 0 0 0 0 0 0 0 0 0 1 1 1 0 0 0 0 0</row>
            <row>0 0 0 0 0 0 0 0 0 0 0 0 0 0 0 0 0 0 0 0 0 0 0 0 0 0 0 0 0 0 0 0 0 0 0 0 0 0 1 1 1 0 0 0 0 0 0 0 0 0 0 0 0 0 0 0 0 0 0 0 0 0 0 0</row>
            <row>0 0 0 0 0 0 0 0 0 0 0 0 0 0 0 0 0 0 0 0 0 0 0 0 0 0 0 0 0 0 0 0 0 0 0 0 0 0 1 1 1 0 0 0 0 0 0 0 0 0 0 0 0 0 0 0 0 0 0 0 0 0 0 0</row>
            <row>0 0 0 0 0 0 0 0 0 0 0 0 0 0 0 0 0 0 0 0 0 0 0 0 0 0 0 0 0 0 0 0 0 0 0 0 0 0 0 0 0 0 0 0 0 0 0 0 0 0 0 0 0 0 0 0 0 0 0 0 0 0 0 0</row>
            <row>0 0 0 0 0 0 0 0 0 0 0 0 0 0 0 0 0 0 0 0 0 0 0 0 0 0 0 0 0 0 0 0 0 0 0 0 0 0 0 0 0 0 0 0 0 0 0 0 0 0 0 0 0 0 0 0 0 0 0 0 0 0 0 0</row>
            <row>0 0 0 0 0 0 0 0 0 0 0 0 0 0 0 0 0 0 0 0 0 0 0 0 0 0 0 0 0 0 0 0 0 0 0 0 0 0 0 1 1 1 1 1 0 0 0 0 0 0 0 0 1 1 1 1 1 0 0 0 0 0 0 0</row>
            <row>0 0 0 0 0 0 0 0 0 0 0 0 0 0 0 0 0 0 0 0 0 0 0 0 0 0 0 0 0 0 0 0 0 0 0 0 0 0 0 1 1 1 1 1 0 0 0 0 0 0 0 0 1 1 1 1 1 0 0 0 0 0 0 0</row>
            <row>0 0 0 0 0 0 0 0 0 0 0 0 0 0 0 0 0 0 0 0 0 0 0 0 0 0 0 0 0 0 0 0 0 0 0 0 0 0 0 1 1 1 1 1 0 0 0 0 0 0 0 0 1 1 1 1 1 0 0 0 0 0 0 0</row>
            <row>0 0 0 0 0 0 0 0 0 0 0 0 0 0 0 0 0 0 0 0 0 0 0 0 0 0 0 0 0 0 0 0 0 0 0 0 0 0 1 1 1 1 1 1 0 0 0 0 0 0 0 0 1 1 1 1 1 1 1 1 1 0 0 0</row>
            <row>0 0 0 0 0 0 0 0 0 0 0 0 0 0 0 0 0 0 0 0 0 0 0 0 0 0 0 0 0 0 0 0 0 0 0 0 0 0 1 1 1 1 1 1 0 0 0 0 0 0 0 0 1 1 1 1 1 1 1 1 1 1 1 1</row>
            <row>0 0 0 0 0 0 0 0 0 0 0 0 0 0 0 0 0 0 0 0 0 0 0 0 0 0 0 0 0 0 0 0 0 0 0 0 0 0 1 1 1 1 1 1 0 0 0 0 0 0 0 0 1 1 1 1 0 1 1 1 1 1 1 1</row>
            <row>0 0 0 0 0 0 1 1 1 1 1 1 1 1 1 1 1 1 0 0 0 0 0 0 0 0 0 0 0 0 0 0 0 0 0 0 0 0 1 1 1 1 1 1 1 1 1 1 0 0 0 0 0 0 0 0 0 0 0 0 0 1 1 1</row>
            <row>0 0 0 0 0 0 0 0 0 0 0 0 0 0 0 0 1 1 0 0 0 0 0 0 0 0 0 0 0 0 0 0 0 0 0 1 1 1 0 1 1 1 1 1 1 1 1 1 0 0 0 0 0 0 0 0 0 0 0 0 0 0 0 0</row>
            <row>0 0 0 0 0 0 0 0 0 0 0 0 0 0 0 0 1 1 0 0 0 0 0 0 0 0 0 0 0 0 0 0 0 0 0 1 1 1 0 1 1 1 1 1 1 1 1 1 0 0 0 0 0 0 0 0 0 0 0 0 0 0 0 0</row>
            <row>0 0 0 0 0 0 0 0 0 0 0 0 0 0 0 0 1 1 0 0 0 0 0 0 0 0 0 0 0 0 0 0 0 0 0 1 1 1 0 1 1 1 1 1 0 0 0 0 0 0 0 0 1 1 1 1 1 0 0 0 0 0 0 0</row>
            <row>0 0 0 0 0 0 0 0 0 0 0 0 0 0 0 0 1 1 0 0 0 0 0 0 0 0 0 0 0 0 0 0 0 0 0 0 0 0 0 1 1 1 1 1 0 0 0 0 0 0 0 0 1 1 1 1 1 0 0 0 0 0 0 0</row>
            <row>0 0 0 0 0 0 0 0 0 0 0 0 0 0 0 0 1 1 0 0 0 0 0 0 0 0 0 0 0 0 0 0 0 0 0 0 0 0 0 1 1 1 1 1 0 0 1 1 1 0 0 0 1 1 1 1 1 0 0 0 0 0 0 0</row>
            <row>0 0 0 0 0 0 0 0 0 0 0 0 0 0 0 0 1 1 0 0 0 0 0 0 0 0 0 0 0 0 0 0 0 0 0 0 0 0 0 1 1 1 1 1 0 0 1 1 1 0 0 0 1 1 1 1 1 0 0 0 0 0 0 0</row>
            <row>0 0 0 0 0 0 0 0 0 0 0 0 0 0 0 0 1 1 0 0 0 0 0 0 0 0 0 0 0 0 0 0 0 0 0 0 0 0 0 1 1 1 1 1 0 0 1 1 1 1 1 0 1 1 1 1 1 0 0 0 0 0 0 0</row>
            <row>0 0 0 0 0 0 0 0 0 0 0 0 0 0 0 0 1 1 0 0 0 0 0 0 0 0 0 0 0 0 0 0 0 0 0 0 0 0 1 1 1 1 1 1 0 0 0 0 1 1 1 0 1 1 1 1 1 0 0 0 0 0 0 0</row>
            <row>0 0 0 0 0 0 0 0 0 0 0 0 0 0 0 0 1 1 0 0 0 0 0 0 0 0 0 0 0 0 0 0 0 0 0 0 0 0 1 1 1 1 1 1 0 0 0 0 1 1 1 0 1 1 1 1 1 0 0 0 0 0 0 0</row>
            <row>0 0 0 0 0 0 0 0 0 0 0 0 0 0 0 0 1 1 0 0 0 0 0 0 0 0 0 0 0 0 0 0 0 0 0 0 0 0 1 1 1 1 1 1 0 0 0 0 0 0 0 0 1 1 1 1 1 1 1 0 0 0 0 0</row>
            <row>0 0 0 0 0 0 1 1 1 1 1 1 1 1 1 1 1 1 0 0 0 0 0 0 0 0 0 0 0 0 0 0 0 0 0 1 1 1 0 1 1 1 1 1 0 0 0 0 0 0 0 0 1 1 1 1 1 1 1 0 0 0 0 0</row>
            <row>0 0 0 0 0 0 1 1 1 1 1 1 1 1 1 1 1 1 0 0 0 0 0 0 0 0 0 0 0 0 0 0 0 0 0 1 1 1 0 1 1 1 1 1 0 0 0 0 0 0 0 0 1 1 1 1 1 1 1 0 0 0 0 0</row>
            <row>0 0 0 0 0 0 0 0 0 0 0 0 0 0 0 0 0 0 0 0 0 0 0 0 0 0 0 0 0 0 0 0 0 0 0 1 1 1 0 1 1 1 1 1 0 0 0 0 1 1 1 0 1 1 1 1 1 0 0 0 0 0 0 0</row>
            <row>0 0 0 0 0 0 0 0 0 0 0 0 0 0 0 0 0 0 0 0 0 0 0 0 0 0 0 0 0 0 0 0 0 0 0 0 0 0 0 1 1 1 1 1 0 0 0 0 1 1 1 0 1 1 1 1 1 0 0 0 0 0 0 0</row>
            <row>0 0 0 0 0 0 0 0 0 0 0 0 0 0 0 0 0 0 0 0 0 0 0 0 0 0 0 0 0 0 0 0 0 0 0 0 0 0 0 1 1 1 1 1 0 0 0 0 1 1 1 0 1 1 1 1 1 0 0 0 0 0 0 0</row>
            <row>0 0 0 0 0 0 0 0 0 0 0 0 0 0 0 0 0 0 0 0 0 0 0 0 0 0 0 0 0 0 0 0 0 0 0 0 0 0 0 1 1 1 1 1 0 0 0 0 1 1 1 0 1 1 1 1 1 0 0 0 0 0 0 0</row>
            <row>0 0 0 0 0 0 0 0 0 0 0 0 0 0 0 0 0 0 0 0 0 0 0 0 0 0 0 0 0 0 0 0 0 0 0 0 1 1 1 1 1 1 1 1 0 0 0 0 0 0 0 0 1 1 1 1 1 0 0 0 0 0 0 0</row>
            <row>0 0 0 0 0 0 0 0 0 0 0 0 0 0 0 0 0 0 0 0 0 0 0 0 0 0 0 0 0 0 0 0 0 0 0 1 1 1 1 0 0 0 0 0 0 0 0 1 1 1 1 0 1 1 1 1 1 0 0 0 0 0 0 0</row>
            <row>0 0 0 0 0 0 0 0 0 0 0 0 0 0 0 0 0 0 0 0 0 0 0 0 0 0 0 0 0 0 0 0 0 0 0 1 1 1 1 0 0 0 0 0 0 0 0 1 1 1 1 0 1 1 1 1 1 0 0 0 0 0 0 0</row>
            <row>0 0 0 0 0 0 0 0 0 0 0 0 0 0 0 0 0 0 0 0 0 0 0 0 0 0 0 0 0 0 0 0 0 0 0 1 1 1 0 0 0 0 0 0 0 0 0 1 1 1 1 0 1 1 1 1 1 0 0 0 0 0 0 0</row>
            <row>0 0 0 0 0 0 0 0 0 0 0 0 0 0 0 0 0 0 0 0 0 0 0 0 0 0 0 0 0 0 0 0 0 1 1 1 0 0 0 1 1 1 1 1 0 0 0 0 0 0 0 0 1 1 1 1 1 0 0 0 0 0 0 0</row>
            <row>0 0 0 0 0 0 0 0 0 0 0 0 0 0 0 0 0 0 0 0 0 0 0 0 0 0 0 0 0 0 0 0 0 1 1 1 0 0 0 1 1 1 1 1 0 0 0 0 0 0 0 0 1 1 1 1 1 0 0 0 0 0 0 0</row>
            <row>0 0 0 0 0 0 0 0 0 0 0 0 0 0 0 0 0 0 0 0 0 0 0 0 0 0 0 0 0 0 0 0 0 1 1 1 0 0 0 1 1 1 1 1 0 0 0 0 0 0 0 0 1 1 1 1 1 0 0 0 0 0 0 0</row>
            <row>0 0 0 0 0 0 0 0 0 0 0 0 0 0 0 0 0 0 0 0 0 0 0 0 0 0 0 0 0 0 0 0 0 0 0 0 0 0 0 1 1 1 1 1 0 0 0 0 0 0 0 0 1 1 1 1 1 0 0 0 0 0 0 0</row>
            <row>0 0 0 0 0 0 0 0 0 0 0 0 0 0 0 0 0 0 0 0 0 0 0 0 0 0 0 0 0 0 0 0 0 0 0 0 0 0 0 1 1 1 1 1 0 0 0 0 0 0 0 0 1 1 1 1 1 0 0 0 0 0 0 0</row>
        </grid>
    </map>
    <heatmap>
        <width>64</width>
        <height>64</height>
        <grid>
            <row>72.3553 71.9411 71.5269 71.1127 70.6985 70.8701 69.8701 69.4558 69.0416 68.6274 68.2132 67.799 67.3848 66.9706 66.5563 66.1421 65.7279 65.3137 65.7279 65.3137 64.8995 65.3137 65.7279 66.1421 66.5563 66.9706 67.3848 66.9706 66.5563 66.1421 65.7279 65.3137 64.8995 65.3137 65.7279 66.1421 66.5563 66.9706 67.3848 67.799 68.2132 68.6274 69.0416 69.4558 69.8701 70.2843 70.6985 71.1127 72.1127 73.1127 74.1127 75.1127 76.1127 77.1127 78.1127 79.1127 80.1127 81.1127 82.1127 83.1127 84.1127 85.1127 86.1127 86.5269</row>
            <row>71.3553 70.9411 70.5269 70.1127 69.6985 70.1127 69.4558 68.4558 68.0416 67.6274 67.2132 66.799 66.3848 65.9706 65.5563 65.1421 64.7279 64.3137 64.7279 64.3137 63.8995 64.3137 64.7279 65.1421 65.5563 65.9706 66.3848 65.9706 65.5563 65.1421 64.7279 64.3137 63.8995 64.3137 64.7279 65.1421 65.5563 65.9706 66.3848 66.799 67.2132 67.6274 68.0416 68.4558 68.8701 69.2843 69.6985 70.6985 71.6985 72.6985 73.6985 74.6985 75.6985 76.6985 77.6985 78.6985 79.6985 80.6985 81.6985 82.6985 83.6985 84.6985 85.1127 85.5269</row>
            <row>70.3553 69.9411 69.5269 69.1127 68.6985 69.1127 69.0416 68.0416 67.0416 66.6274 66.2132 65.799 65.3848 64.9706 64.5563 64.1421 63.7279 63.3137 63.7279 63.3137 62.8995 63.3137 63.7279 64.1421 64.5563 64.9706 65.3848 64.9706 64.5563 64.1421 63.7279 63.3137 62.8995 63.3137 63.7279 64.1421 64.5563 64.9706 65.3848 65.799 66.2132 66.6274 67.0416 67.4558 67.8701 68.2843 69.2843 70.2843 71.2843 72.2843 73.2843 74.2843 75.2843 76.2843 77.2843 78.2843 79.2843 80.2843 81.2843 82.2843 83.2843 83.6985 84.1127 84.5269</row>
            <row>69.3553 68.9411 68.5269 68.1127 67.6985 68.1127 68.5269 67.6274 66.6274 65.6274 65.2132 64.799 64.3848 63.9706 63.5563 63.1421 62.7279 62.3137 62.7279 62.3137 61.8995 62.3137 62.7279 63.1421 63.5563 63.9706 64.9706 63.9706 63.5563 63.1421 62.7279 62.3137 61.8995 62.3137 62.7279 63.1421 63.5563 63.9706 64.3848 64.799 65.2132 65.6274 66.0416 66.4558 66.8701 67.8701 68.8701 69.8701 70.8701 71.8701 72.8701 73.8701 74.8701 0 0 0 0 80.6985 81.6985 81.8701 82.2843 82.6985 83.1127 83.5269</row>
            <row>68.3553 67.9411 67.5269 67.1127 66.6985 67.1127 67.5269 67.2132 66.2132 65.2132 64.2132 63.799 63.3848 62.9706 62.5563 62.1421 61.7279 61.3137 61.7279 61.3137 60.8995 61.3137 61.7279 62.1421 62.5563 63.5563 64.5563 63.5563 62.5563 62.1421 61.7279 61.3137 60.8995 61.3137 61.7279 62.1421 62.5563 62.9706 63.3848 63.799 64.2132 64.6274 65.0416 65.4558 66.4558 67.4558 68.4558 69.4558 70.4558 71.4558 72.4558 73.4558 74.4558 0 0 0 0 81.6985 81.2843 80.8701 81.2843 81.6985 82.1127 82.5269</row>
            <row>67.3553 66.9411 66.5269 66.1127 65.6985 66.1127 66.5269 66.799 65.799 64.799 63.799 62.799 62.3848 61.9706 61.5563 61.1421 60.7279 60.3137 60.7279 60.3137 59.8995 60.3137 60.7279 61.1421 62.1421 63.1421 64.1421 63.1421 62.1421 61.1421 60.7279 60.3137 59.8995 60.3137 60.7279 61.1421 61.5563 61.9706 62.3848 62.799 63.2132 63.6274 64.0416 65.0416 66.0416 67.0416 68.0416 69.0416 70.0416 71.0416 72.0416 73.0416 74.0416 0 0 0 0 80.6985 80.2843 79.8701 80.2843 80.6985 81.1127 81.5269</row>
            <row>66.3553 65.9411 65.5269 65.1127 64.6985 65.1127 65.5269 65.9411 65.3848 64.3848 63.3848 62.3848 61.3848 60.9706 60.5563 60.1421 59.7279 59.3137 59.7279 59.3137 58.8995 59.3137 59.7279 60.7279 61.7279 62.7279 63.7279 62.7279 61.7279 60.7279 59.7279 59.3137 58.8995 59.3137 59.7279 60.1421 60.5563 60.9706 61.3848 61.799 62.2132 62.6274 0 0 0 0 0 0 0 0 0 0 0 0 82.6985 81.6985 80.6985 79.6985 79.2843 78.8701 79.2843 79.6985 80.1127 80.5269</row>
            <row>65.3553 64.9411 64.5269 64.1127 63.6985 64.1127 64.5269 65.5269 65.799 0 0 0 60.9706 59.9706 59.5563 59.1421 58.7279 58.3137 58.7279 58.3137 57.8995 58.3137 59.3137 60.3137 61.3137 62.3137 63.3137 62.3137 61.3137 60.3137 59.3137 58.3137 57.8995 58.3137 58.7279 59.1421 59.5563 59.9706 60.3848 60.799 61.2132 61.6274 0 0 0 0 0 0 0 0 0 0 0 0 83.1127 0 0 0 78.2843 77.8701 78.2843 78.6985 79.1127 79.5269</row>
            <row>64.3553 63.9411 63.5269 63.1127 62.6985 63.1127 0 0 0 0 0 0 0 0 58.5563 58.1421 57.7279 57.3137 57.7279 57.3137 56.8995 0 0 0 0 0 0 0 0 0 0 0 56.8995 57.3137 57.7279 58.1421 58.5563 58.9706 59.3848 59.799 60.2132 60.6274 61.0416 61.4558 61.8701 62.2843 62.6985 63.1127 63.5269 0 0 0 0 0 0 0 0 0 77.2843 76.8701 77.2843 77.6985 78.1127 78.5269</row>
            <row>63.3553 62.9411 62.5269 62.1127 61.6985 62.1127 0 0 0 0 0 0 0 0 57.5563 57.1421 56.7279 56.3137 56.7279 56.3137 55.8995 0 0 0 0 0 0 0 0 0 0 0 55.8995 56.3137 56.7279 57.1421 57.5563 57.9706 58.3848 58.799 59.2132 59.6274 60.0416 60.4558 60.8701 61.2843 61.6985 62.1127 62.5269 0 0 0 0 0 0 0 0 0 76.2843 75.8701 76.2843 76.6985 77.1127 77.5269</row>
            <row>62.9411 61.9411 61.5269 61.1127 60.6985 0 0 0 0 0 0 0 0 0 0 56.1421 55.7279 55.3137 55.7279 55.3137 54.8995 54.4853 54.0711 53.6569 53.2426 52.8284 53.2426 53.6569 54.0711 53.6569 54.0711 54.4853 54.8995 55.3137 55.7279 56.1421 56.5563 56.9706 57.3848 57.799 58.2132 58.6274 59.0416 59.4558 59.8701 60.2843 60.6985 61.1127 61.5269 0 0 0 0 0 0 0 0 0 75.2843 74.8701 75.2843 75.6985 76.1127 76.5269</row>
            <row>62.5269 61.5269 60.5269 60.1127 59.6985 0 0 0 0 0 0 0 0 0 0 55.1421 54.7279 54.3137 54.7279 54.3137 53.8995 53.4853 53.0711 52.6569 52.2426 51.8284 52.2426 52.6569 53.0711 52.6569 53.0711 53.4853 53.8995 54.3137 54.7279 55.1421 55.5563 55.9706 56.3848 56.799 57.2132 57.6274 58.0416 58.4558 58.8701 59.2843 59.6985 60.1127 60.5269 60.9411 61.3553 61.7696 0 0 0 75.5269 75.1127 74.6985 74.2843 73.8701 74.2843 74.6985 75.1127 75.5269</row>
            <row>62.1127 61.1127 60.1127 59.1127 58.6985 0 0 0 0 0 0 0 0 0 54.5563 54.1421 53.7279 53.3137 53.7279 53.3137 52.8995 52.4853 52.0711 51.6569 51.2426 50.8284 51.2426 51.6569 52.0711 51.6569 52.0711 52.4853 52.8995 53.3137 53.7279 54.1421 54.5563 54.9706 55.3848 55.799 56.2132 57.2132 57.0416 57.4558 57.8701 58.2843 58.6985 59.1127 59.5269 59.9411 60.3553 60.7696 0 0 74.9411 74.5269 74.1127 73.6985 73.2843 72.8701 73.2843 73.6985 74.1127 74.5269</row>
            <row>61.1127 60.6985 59.6985 58.6985 57.6985 57.2843 0 0 0 0 55.2132 54.799 54.3848 53.9706 53.5563 53.1421 52.7279 52.3137 52.7279 52.3137 51.8995 51.4853 51.0711 50.6569 50.2426 49.8284 50.2426 50.6569 51.0711 50.6569 51.0711 51.4853 51.8995 52.3137 52.7279 53.1421 53.5563 53.9706 54.3848 54.799 55.799 56.4558 56.0416 56.4558 56.8701 57.2843 57.6985 58.1127 58.5269 58.9411 59.3553 59.7696 0 0 73.9411 73.5269 73.1127 72.6985 72.2843 71.8701 72.2843 72.6985 73.1127 73.5269</row>
            <row>60.1127 0 0 0 0 56.2843 0 0 0 0 54.2132 53.799 53.3848 52.9706 52.5563 52.1421 51.7279 51.3137 51.7279 51.3137 50.8995 50.4853 50.0711 49.6569 49.2426 48.8284 49.2426 50.2426 50.0711 49.6569 50.0711 50.4853 50.8995 51.3137 51.7279 52.1421 52.5563 52.9706 53.3848 54.3848 55.3848 55.4558 55.0416 55.4558 55.8701 56.2843 56.6985 57.1127 57.5269 57.9411 58.3553 58.7696 0 0 72.9411 72.5269 72.1127 71.6985 71.2843 70.8701 71.2843 71.6985 72.1127 72.5269</row>
            <row>59.1127 0 0 0 0 55.2843 0 0 0 0 53.2132 52.799 52.3848 51.9706 51.5563 51.1421 50.7279 50.3137 50.7279 50.8995 49.8995 49.4853 49.0711 48.6569 48.2426 47.8284 0 0 0 48.6569 49.0711 49.4853 49.8995 50.3137 50.7279 51.1421 51.5563 51.9706 52.9706 53.9706 54.8701 54.4558 54.0416 54.4558 54.8701 55.2843 55.6985 56.1127 56.5269 56.9411 57.3553 58.3553 0 0 72.5269 71.5269 71.1127 70.6985 70.2843 69.8701 70.2843 70.6985 71.1127 71.5269</row>
            <row>58.1127 0 0 0 54.6985 54.2843 53.8701 53.4558 53.0416 52.6274 52.2132 51.799 51.3848 50.9706 50.5563 50.1421 49.7279 49.3137 49.7279 50.1421 49.4853 48.4853 48.0711 47.6569 47.2426 46.8284 0 0 0 47.6569 48.0711 48.4853 48.8995 49.3137 49.7279 50.1421 50.5563 51.5563 52.5563 53.5563 54.4558 53.4558 53.0416 53.4558 53.8701 54.2843 54.6985 55.1127 55.5269 55.9411 56.9411 57.9411 0 0 72.1127 71.1127 70.1127 69.6985 69.2843 68.8701 69.2843 69.6985 70.1127 70.5269</row>
            <row>57.6985 56.6985 55.6985 54.6985 53.6985 53.2843 52.8701 52.4558 52.0416 51.6274 51.2132 50.799 50.3848 49.9706 49.5563 49.1421 48.7279 48.3137 48.7279 49.1421 49.0711 48.0711 47.0711 46.6569 46.2426 45.8284 0 0 0 46.6569 47.0711 47.4853 47.8995 48.3137 48.7279 49.1421 50.1421 51.1421 0 0 0 0 52.0416 52.4558 52.8701 53.2843 53.6985 54.1127 54.5269 55.5269 56.5269 57.5269 0 0 0 0 0 68.6985 68.2843 67.8701 68.2843 68.6985 69.1127 69.5269</row>
            <row>57.2843 56.2843 55.2843 54.2843 53.2843 52.2843 51.8701 51.4558 51.0416 50.6274 50.2132 49.799 49.3848 48.9706 48.5563 48.1421 47.7279 47.3137 47.7279 48.7279 0 0 0 45.6569 45.2426 44.8284 44.4142 44.8284 45.2426 45.6569 46.0711 46.4853 46.8995 47.3137 47.7279 0 0 0 0 0 0 0 51.0416 51.4558 51.8701 52.2843 52.6985 53.1127 54.1127 55.1127 56.1127 57.1127 0 0 0 0 0 67.6985 67.2843 66.8701 67.2843 67.6985 68.1127 68.5269</row>
            <row>56.8701 55.8701 54.8701 53.8701 52.8701 51.8701 50.8701 50.4558 50.0416 49.6274 49.2132 48.799 48.3848 47.9706 47.5563 47.1421 46.7279 46.3137 0 0 0 0 0 44.6569 44.2426 43.8284 43.4142 43.8284 44.2426 44.6569 45.0711 45.4853 45.8995 46.3137 46.7279 0 0 0 0 0 0 0 50.0416 50.4558 50.8701 51.2843 51.6985 52.6985 53.6985 54.6985 55.6985 0 0 0 0 0 0 66.6985 66.2843 65.8701 66.2843 66.6985 67.1127 67.5269</row>
            <row>56.4558 55.4558 54.4558 53.4558 52.4558 51.4558 50.4558 49.4558 49.0416 48.6274 48.2132 47.799 47.3848 46.9706 46.5563 46.1421 45.7279 45.3137 0 0 0 0 0 44.2426 43.2426 42.8284 42.4142 42.8284 43.2426 43.6569 44.0711 44.4853 44.8995 45.3137 45.7279 0 0 0 47.3848 47.799 48.2132 48.6274 49.0416 49.4558 49.8701 50.2843 51.2843 52.2843 53.2843 54.2843 55.2843 0 0 0 0 0 0 65.6985 65.2843 64.8701 65.2843 65.6985 66.1127 66.5269</row>
            <row>56.0416 55.0416 54.0416 53.0416 52.0416 51.0416 50.0416 49.0416 48.0416 47.6274 47.2132 46.799 46.3848 45.9706 45.5563 45.1421 44.7279 44.3137 0 0 0 0 0 43.8284 42.8284 41.8284 41.4142 41.8284 42.2426 42.6569 43.0711 43.4853 43.8995 44.3137 44.7279 45.1421 45.5563 45.9706 46.3848 46.799 47.2132 47.6274 48.0416 48.4558 48.8701 49.8701 50.8701 51.8701 52.8701 53.8701 54.8701 0 0 0 0 66.1127 65.1127 64.6985 64.2843 63.8701 64.2843 64.6985 65.1127 65.5269</row>
            <row>55.6274 54.6274 53.6274 52.6274 51.6274 50.6274 49.6274 48.6274 47.6274 46.6274 46.2132 45.799 45.3848 44.9706 44.5563 44.1421 43.7279 43.3137 42.8995 0 0 0 0 0 0 0 40.4142 40.8284 41.2426 41.6569 42.0711 42.4853 42.8995 43.3137 43.7279 44.1421 44.5563 44.9706 45.3848 45.799 46.2132 46.6274 47.0416 47.4558 48.4558 49.4558 50.4558 51.4558 52.4558 53.4558 54.4558 55.4558 0 0 0 0 0 63.6985 63.2843 62.8701 63.2843 63.6985 64.1127 64.5269</row>
            <row>55.2132 54.2132 53.2132 52.2132 51.2132 50.2132 49.2132 48.2132 47.2132 46.2132 45.2132 44.799 44.3848 43.9706 43.5563 43.1421 42.7279 42.3137 41.8995 0 0 0 0 0 0 0 39.4142 39.8284 40.2426 40.6569 41.0711 41.4853 41.8995 42.3137 42.7279 43.1421 43.5563 43.9706 44.3848 44.799 45.2132 45.6274 46.0416 47.0416 48.0416 49.0416 50.0416 51.0416 52.0416 53.0416 54.0416 55.0416 0 0 0 0 0 63.2843 62.2843 61.8701 62.2843 62.6985 63.1127 63.5269</row>
            <row>0 0 0 0 0 0 0 0 0 0 0 43.799 43.3848 42.9706 42.5563 42.1421 41.7279 41.3137 40.8995 0 0 0 0 0 0 0 38.4142 38.8284 39.2426 39.6569 40.0711 40.4853 40.8995 41.3137 41.7279 42.1421 42.5563 42.9706 43.3848 43.799 44.2132 44.6274 0 0 0 0 0 0 0 0 0 0 0 0 0 0 0 0 0 60.8701 61.2843 61.6985 62.1127 63.1127</row>
            <row>0 0 0 0 0 0 0 0 0 0 0 42.799 42.3848 41.9706 41.5563 41.1421 40.7279 40.3137 39.8995 39.4853 39.0711 38.6569 38.2426 0 0 0 37.4142 37.8284 38.2426 38.6569 39.0711 39.4853 39.8995 40.3137 40.7279 41.1421 41.5563 41.9706 42.3848 42.799 43.799 43.6274 44.0416 0 0 0 0 0 0 0 0 0 0 53.2843 54.2843 55.2843 0 0 0 59.8701 60.2843 60.6985 61.6985 62.6985</row>
            <row>49.8701 48.8701 47.8701 46.8701 45.8701 44.8701 43.8701 43.4558 43.0416 42.6274 42.2132 41.799 41.3848 40.9706 40.5563 40.1421 39.7279 39.3137 38.8995 38.4853 38.0711 37.6569 37.2426 36.8284 36.4142 36 36.4142 36.8284 37.2426 37.6569 38.0711 38.4853 38.8995 39.3137 39.7279 40.1421 40.5563 40.9706 41.3848 42.3848 43.0416 42.6274 43.0416 43.4558 43.8701 44.8701 45.8701 46.8701 47.8701 48.8701 49.8701 50.8701 51.8701 52.8701 53.8701 54.8701 0 0 0 58.8701 59.2843 60.2843 61.2843 62.2843</row>
            <row>49.4558 48.4558 47.4558 46.4558 45.4558 44.4558 43.4558 42.4558 42.0416 41.6274 41.2132 40.799 40.3848 39.9706 39.5563 39.1421 38.7279 38.3137 37.8995 37.4853 37.0711 36.6569 36.2426 35.8284 35.4142 35 35.4142 35.8284 36.2426 36.6569 37.0711 37.4853 37.8995 38.3137 38.7279 39.1421 39.5563 39.9706 0 0 0 41.6274 42.0416 42.4558 43.4558 44.4558 45.4558 46.4558 47.4558 48.4558 49.4558 50.4558 51.4558 52.4558 53.4558 54.4558 0 0 0 57.8701 58.8701 59.8701 60.8701 61.8701</row>
            <row>49.0416 48.0416 47.0416 46.0416 45.0416 44.0416 43.0416 42.0416 41.0416 40.6274 40.2132 39.799 39.3848 38.9706 38.5563 38.1421 37.7279 37.3137 36.8995 36.4853 36.0711 35.6569 35.2426 34.8284 34.4142 34 34.4142 34.8284 35.2426 35.6569 36.0711 36.4853 36.8995 37.3137 37.7279 38.1421 38.5563 38.9706 0 0 0 40.6274 41.0416 42.0416 43.0416 44.0416 45.0416 46.0416 47.0416 48.0416 49.0416 50.0416 51.0416 52.0416 53.0416 53.4558 54.4558 55.4558 56.4558 57.4558 58.4558 59.4558 60.4558 61.4558</row>
            <row>48.0416 47.6274 46.6274 45.6274 44.6274 43.6274 42.6274 41.6274 40.6274 39.6274 39.2132 38.799 38.3848 37.9706 37.5563 37.1421 36.7279 36.3137 35.8995 35.4853 35.0711 34.6569 34.2426 33.8284 33.4142 33 33.4142 33.8284 34.2426 34.6569 35.0711 35.4853 35.8995 36.3137 36.7279 37.1421 37.5563 37.9706 0 0 0 39.6274 40.6274 41.6274 42.6274 43.6274 44.6274 45.6274 46.6274 47.6274 48.6274 49.6274 50.6274 51.6274 52.0416 53.0416 54.0416 55.0416 56.0416 57.0416 58.0416 59.0416 60.0416 61.0416</row>
            <row>47.0416 46.6274 46.2132 45.2132 44.2132 43.2132 42.2132 41.2132 40.2132 39.2132 38.2132 37.799 37.3848 36.9706 36.5563 36.1421 35.7279 35.3137 34.8995 34.4853 34.0711 33.6569 33.2426 32.8284 32.4142 32 32.4142 32.8284 33.2426 33.6569 34.0711 34.4853 34.8995 35.3137 35.7279 36.1421 36.5563 36.9706 37.3848 37.799 38.2132 39.2132 40.2132 41.2132 42.2132 43.2132 44.2132 45.2132 46.2132 47.2132 48.2132 49.2132 50.2132 50.6274 51.6274 52.6274 53.6274 54.6274 55.6274 56.6274 57.6274 58.6274 59.6274 60.6274</row>
            <row>46.0416 45.6274 45.2132 44.799 43.799 42.799 41.799 40.799 39.799 38.799 37.799 36.799 36.3848 35.9706 35.5563 35.1421 34.7279 34.3137 33.8995 33.4853 33.0711 32.6569 32.2426 31.8284 31.4142 31 31.4142 31.8284 32.2426 32.6569 33.0711 33.4853 33.8995 34.3137 34.7279 35.1421 35.5563 35.9706 36.3848 36.799 37.799 38.799 39.799 40.799 41.799 42.799 43.799 44.799 45.799 46.799 47.799 48.799 49.2132 50.2132 51.2132 52.2132 53.2132 54.2132 55.2132 56.2132 57.2132 58.2132 59.2132 60.2132</row>
            <row>45.0416 44.6274 44.2132 43.799 43.3848 42.3848 41.3848 40.3848 39.3848 38.3848 37.3848 36.3848 35.3848 34.9706 34.5563 34.1421 33.7279 33.3137 32.8995 32.4853 32.0711 31.6569 31.2426 30.8284 30.4142 30 30.4142 30.8284 31.2426 31.6569 32.0711 32.4853 32.8995 33.3137 33.7279 34.1421 34.5563 34.9706 35.3848 0 0 0 0 0 42.2132 43.2132 44.2132 45.2132 46.2132 46.9706 47.3848 47.799 0 0 0 0 0 54.6274 55.6274 56.6274 57.6274 58.6274 59.6274 60.6274</row>
            <row>44.0416 43.6274 43.2132 42.799 42.3848 41.9706 40.9706 39.9706 38.9706 37.9706 36.9706 35.9706 34.9706 33.9706 33.5563 33.1421 32.7279 32.3137 31.8995 31.4853 31.0711 30.6569 30.2426 29.8284 29.4142 29 29.4142 29.8284 30.2426 30.6569 31.0711 31.4853 31.8995 32.3137 32.7279 33.1421 33.5563 33.9706 34.3848 0 0 0 0 0 43.2132 43.6274 44.6274 45.6274 45.5563 45.9706 46.3848 46.799 0 0 0 0 0 55.6274 56.0416 57.0416 58.0416 59.0416 60.0416 61.0416</row>
            <row>43.0416 42.6274 42.2132 41.799 41.3848 40.9706 40.5563 39.5563 38.5563 37.5563 36.5563 35.5563 34.5563 33.5563 32.5563 32.1421 31.7279 31.3137 30.8995 30.4853 30.0711 29.6569 29.2426 28.8284 28.4142 28 28.4142 28.8284 29.2426 29.6569 30.0711 30.4853 30.8995 31.3137 31.7279 32.1421 32.5563 32.9706 33.3848 0 0 0 0 0 44.2132 44.6274 45.0416 44.9706 44.5563 44.9706 45.3848 45.799 0 0 0 0 0 56.6274 57.0416 57.4558 58.4558 59.4558 60.4558 61.4558</row>
            <row>42.0416 41.6274 41.2132 40.799 40.3848 39.9706 40.1421 39.1421 38.1421 37.1421 36.1421 35.1421 34.1421 33.1421 32.1421 31.1421 30.7279 30.3137 29.8995 29.4853 29.0711 28.6569 28.2426 27.8284 27.4142 27 27.4142 27.8284 28.2426 28.6569 29.0711 29.4853 29.8995 30.3137 30.7279 31.1421 31.5563 31.9706 0 0 0 0 0 0 45.2132 44.799 44.3848 43.9706 43.5563 43.9706 44.3848 44.799 0 0 0 0 0 0 0 0 0 59.8701 60.8701 61.8701</row>
            <row>41.0416 40.6274 40.2132 39.799 39.3848 38.9706 39.3848 38.7279 37.7279 36.7279 35.7279 34.7279 33.7279 32.7279 31.7279 30.7279 29.7279 29.3137 28.8995 28.4853 28.0711 27.6569 27.2426 26.8284 26.4142 26 26.4142 26.8284 27.2426 27.6569 28.0711 28.4853 28.8995 29.3137 29.7279 30.1421 30.5563 30.9706 0 0 0 0 0 0 45.3848 44.3848 43.3848 42.9706 42.5563 42.9706 43.3848 43.799 0 0 0 0 0 0 0 0 0 0 0 0</row>
            <row>40.0416 39.6274 39.2132 38.799 38.3848 37.9706 38.3848 38.3137 37.3137 36.3137 35.3137 34.3137 33.3137 32.3137 31.3137 30.3137 29.3137 28.3137 27.8995 27.4853 27.0711 26.6569 26.2426 25.8284 25.4142 25 25.4142 25.8284 26.2426 26.6569 27.0711 27.4853 27.8995 28.3137 28.7279 29.1421 29.5563 30.5563 0 0 0 0 0 0 44.9706 43.9706 42.9706 41.9706 41.5563 41.9706 42.3848 42.799 0 0 0 0 45.4558 0 0 0 0 0 0 0</row>
            <row>39.0416 38.6274 38.2132 37.799 37.3848 36.9706 0 0 0 0 0 0 0 0 0 0 0 0 26.8995 26.4853 26.0711 25.6569 25.2426 24.8284 24.4142 24 24.4142 24.8284 25.2426 25.6569 26.0711 26.4853 26.8995 27.3137 27.7279 28.1421 29.1421 29.799 0 0 0 0 0 0 0 0 0 0 40.5563 40.9706 41.3848 41.799 42.2132 42.6274 43.0416 44.0416 45.0416 46.0416 47.0416 48.0416 49.0416 0 0 0</row>
            <row>38.0416 37.6274 37.2132 36.799 36.3848 35.9706 36.3848 36.799 37.2132 37.6274 38.0416 38.4558 38.8701 39.2843 39.6985 40.1127 0 0 25.8995 25.4853 25.0711 24.6569 24.2426 23.8284 23.4142 23 23.4142 23.8284 24.2426 24.6569 25.0711 25.4853 25.8995 26.3137 26.7279 0 0 0 28.3848 0 0 0 0 0 0 0 0 0 39.5563 39.9706 40.9706 40.799 41.2132 41.6274 42.6274 43.6274 44.6274 45.6274 46.6274 47.6274 48.6274 49.6274 50.6274 51.6274</row>
            <row>37.0416 36.6274 36.2132 35.799 35.3848 34.9706 35.3848 35.799 36.2132 36.6274 37.0416 37.4558 37.8701 38.2843 38.6985 39.6985 0 0 24.8995 24.4853 24.0711 23.6569 23.2426 22.8284 22.4142 22 22.4142 22.8284 23.2426 23.6569 24.0711 24.4853 24.8995 25.3137 25.7279 0 0 0 27.3848 0 0 0 0 0 0 0 0 0 38.5563 39.5563 40.2132 39.799 40.2132 41.2132 42.2132 43.2132 44.2132 45.2132 46.2132 47.2132 48.2132 49.2132 50.2132 51.2132</row>
            <row>36.0416 35.6274 35.2132 34.799 34.3848 33.9706 34.3848 34.799 35.2132 35.6274 36.0416 36.4558 36.8701 37.2843 38.2843 39.2843 0 0 23.8995 23.4853 23.0711 22.6569 22.2426 21.8284 21.4142 21 21.4142 21.8284 22.2426 22.6569 23.0711 23.4853 23.8995 24.3137 24.7279 0 0 0 26.3848 0 0 0 0 0 35.8995 36.3137 36.7279 37.1421 38.1421 39.1421 39.2132 38.799 0 0 0 0 0 45.6274 46.6274 47.6274 48.6274 49.6274 50.6274 51.6274</row>
            <row>35.0416 34.6274 34.2132 33.799 33.3848 32.9706 33.3848 33.799 34.2132 34.6274 35.0416 35.4558 35.8701 36.8701 37.8701 38.8701 0 0 22.8995 22.4853 22.0711 21.6569 21.2426 20.8284 20.4142 20 20.4142 20.8284 21.2426 21.6569 22.0711 22.4853 22.8995 23.3137 23.7279 24.1421 24.5563 24.9706 25.3848 0 0 0 0 0 34.8995 35.3137 35.7279 36.7279 37.7279 38.6274 38.2132 37.799 0 0 0 0 0 46.6274 47.0416 48.0416 49.0416 50.0416 51.0416 52.0416</row>
            <row>34.0416 33.6274 33.2132 32.799 32.3848 31.9706 32.3848 32.799 33.2132 33.6274 34.0416 34.4558 35.4558 36.4558 37.4558 38.4558 0 0 21.8995 21.4853 21.0711 20.6569 20.2426 19.8284 19.4142 19 19.4142 19.8284 20.2426 20.6569 21.0711 21.4853 21.8995 22.3137 22.7279 23.1421 23.5563 23.9706 24.3848 0 0 0 0 0 33.8995 34.3137 0 0 0 37.6274 37.2132 36.799 0 0 0 0 0 47.6274 48.0416 48.4558 49.4558 50.4558 51.4558 52.4558</row>
            <row>33.0416 32.6274 32.2132 31.799 31.3848 30.9706 31.3848 31.799 32.2132 32.6274 33.0416 34.0416 35.0416 36.0416 37.0416 38.0416 0 0 20.8995 20.4853 20.0711 19.6569 19.2426 18.8284 18.4142 18 18.4142 18.8284 19.2426 19.6569 20.0711 20.4853 20.8995 21.3137 21.7279 22.1421 22.5563 22.9706 23.3848 0 0 0 0 0 32.8995 33.3137 0 0 0 37.2132 36.2132 35.799 0 0 0 0 0 48.6274 49.0416 49.4558 49.8701 50.8701 51.8701 52.8701</row>
            <row>32.0416 31.6274 31.2132 30.799 30.3848 29.9706 30.3848 30.799 31.2132 31.6274 32.6274 33.6274 34.6274 35.6274 36.6274 37.6274 0 0 19.8995 19.4853 19.0711 18.6569 18.2426 17.8284 17.4142 17 17.4142 17.8284 18.2426 18.6569 19.0711 19.4853 19.8995 20.3137 20.7279 21.1421 21.5563 21.9706 22.3848 0 0 0 0 0 31.8995 32.3137 0 0 0 0 0 34.799 0 0 0 0 0 49.6274 50.0416 50.4558 50.8701 51.2843 52.2843 53.2843</row>
            <row>31.6274 30.6274 30.2132 29.799 29.3848 28.9706 29.3848 29.799 30.2132 31.2132 32.2132 33.2132 34.2132 35.2132 36.2132 37.2132 0 0 18.8995 18.4853 18.0711 17.6569 17.2426 16.8284 16.4142 16 16.4142 16.8284 17.2426 17.6569 18.0711 18.4853 18.8995 19.3137 19.7279 20.1421 20.5563 20.9706 0 0 0 0 0 0 30.8995 31.3137 31.7279 32.1421 0 0 0 33.799 0 0 0 0 0 50.6274 51.0416 51.4558 51.8701 52.2843 52.6985 53.6985</row>
            <row>31.2132 30.2132 29.2132 28.799 28.3848 27.9706 28.3848 28.799 29.799 30.799 31.799 32.799 33.799 34.799 35.799 36.799 0 0 17.8995 17.4853 17.0711 16.6569 16.2426 15.8284 15.4142 15 15.4142 15.8284 16.2426 16.6569 17.0711 17.4853 17.8995 18.3137 18.7279 19.1421 19.5563 20.5563 0 0 0 0 0 0 29.8995 30.3137 30.7279 31.1421 0 0 0 32.799 0 0 0 0 0 51.6274 52.0416 52.4558 52.8701 53.2843 53.6985 54.1127</row>
            <row>30.799 29.799 28.799 27.799 27.3848 26.9706 27.3848 28.3848 29.3848 30.3848 31.3848 32.3848 33.3848 34.3848 35.3848 36.3848 0 0 16.8995 16.4853 16.0711 15.6569 15.2426 14.8284 14.4142 14 14.4142 14.8284 15.2426 15.6569 16.0711 16.4853 16.8995 17.3137 17.7279 18.1421 19.1421 20.1421 0 0 0 0 0 0 28.8995 29.3137 29.7279 30.1421 30.5563 30.9706 31.3848 32.3848 0 0 0 0 0 0 0 53.4558 53.8701 54.2843 54.6985 55.1127</row>
            <row>30.3848 29.3848 28.3848 27.3848 26.3848 25.9706 0 0 0 0 0 0 0 0 0 0 0 0 15.8995 15.4853 15.0711 14.6569 14.2426 13.8284 13.4142 13 13.4142 13.8284 14.2426 14.6569 15.0711 15.4853 15.8995 16.3137 16.7279 0 0 0 19.5563 0 0 0 0 0 27.8995 28.3137 28.7279 29.1421 29.5563 29.9706 30.9706 31.9706 0 0 0 0 0 0 0 54.4558 54.8701 55.2843 55.6985 56.1127</row>
            <row>29.9706 28.9706 27.9706 26.9706 25.9706 24.9706 0 0 0 0 0 0 0 0 0 0 0 0 14.8995 14.4853 14.0711 13.6569 13.2426 12.8284 12.4142 12 12.4142 12.8284 13.2426 13.6569 14.0711 14.4853 14.8995 15.3137 15.7279 0 0 0 18.5563 0 0 0 0 0 26.8995 27.3137 27.7279 28.1421 28.5563 29.5563 30.5563 31.5563 0 0 0 0 0 0 0 55.4558 55.8701 56.2843 56.6985 57.1127</row>
            <row>29.5563 28.5563 27.5563 26.5563 25.5563 24.5563 23.5563 22.5563 21.5563 20.5563 19.5563 18.5563 17.5563 16.5563 15.5563 15.1421 14.7279 14.3137 13.8995 13.4853 13.0711 12.6569 12.2426 11.8284 11.4142 11 11.4142 11.8284 12.2426 12.6569 13.0711 13.4853 13.8995 14.3137 14.7279 0 0 0 17.5563 0 0 0 0 0 25.8995 26.3137 26.7279 27.1421 0 0 0 31.9706 0 0 0 0 0 57.8701 56.8701 56.4558 56.8701 57.2843 57.6985 58.1127</row>
            <row>29.1421 28.1421 27.1421 26.1421 25.1421 24.1421 23.1421 22.1421 21.1421 20.1421 19.1421 18.1421 17.1421 16.1421 15.1421 14.1421 13.7279 13.3137 12.8995 12.4853 12.0711 11.6569 11.2426 10.8284 10.4142 10 10.4142 10.8284 11.2426 11.6569 12.0711 12.4853 12.8995 13.3137 13.7279 14.1421 15.1421 16.1421 17.1421 0 0 0 0 0 24.8995 25.3137 25.7279 26.1421 0 0 0 31.3137 0 0 0 0 0 58.2843 57.8701 57.4558 57.8701 58.2843 58.6985 59.1127</row>
            <row>28.7279 27.7279 26.7279 25.7279 24.7279 23.7279 22.7279 21.7279 20.7279 19.7279 18.7279 17.7279 16.7279 15.7279 14.7279 13.7279 12.7279 12.3137 11.8995 11.4853 11.0711 10.6569 10.2426 9.82843 9.41421 9 9.41421 9.82843 10.2426 10.6569 11.0711 11.4853 11.8995 12.3137 12.7279 13.7279 14.7279 15.7279 16.7279 0 0 0 0 0 23.8995 24.3137 24.7279 25.7279 0 0 0 30.3137 0 0 0 0 0 59.2843 58.8701 58.4558 58.8701 59.2843 59.6985 60.1127</row>
            <row>28.3137 27.3137 26.3137 25.3137 24.3137 23.3137 22.3137 21.3137 20.3137 19.3137 18.3137 17.3137 16.3137 15.3137 14.3137 13.3137 12.3137 11.3137 10.8995 10.4853 10.0711 9.65685 9.24264 8.82843 8.41421 8 8.41421 8.82843 9.24264 9.65685 10.0711 10.4853 10.8995 11.3137 12.3137 13.3137 14.3137 15.3137 16.3137 0 0 0 0 0 22.8995 23.3137 24.3137 25.3137 0 0 0 29.3137 0 0 0 0 0 60.2843 59.8701 59.4558 59.8701 60.2843 60.6985 61.1127</row>
            <row>27.8995 26.8995 25.8995 24.8995 23.8995 22.8995 21.8995 20.8995 19.8995 18.8995 17.8995 16.8995 15.8995 14.8995 13.8995 12.8995 11.8995 10.8995 9.89949 9.48528 9.07107 8.65685 8.24264 7.82843 7.41421 7 7.41421 7.82843 8.24264 8.65685 9.07107 9.48528 9.89949 10.8995 11.8995 12.8995 0 0 0 0 0 0 0 0 21.8995 22.8995 23.8995 24.8995 25.8995 26.8995 27.8995 28.8995 0 0 0 0 0 61.2843 60.8701 60.4558 60.8701 61.2843 61.6985 62.1127</row>
            <row>27.4853 26.4853 25.4853 24.4853 23.4853 22.4853 21.4853 20.4853 19.4853 18.4853 17.4853 16.4853 15.4853 14.4853 13.4853 12.4853 11.4853 10.4853 9.48528 8.48528 8.07107 7.65685 7.24264 6.82843 6.41421 6 6.41421 6.82843 7.24264 7.65685 8.07107 8.48528 9.48528 10.4853 11.4853 0 0 0 0 17.6569 18.0711 18.4853 19.4853 20.4853 21.4853 22.4853 23.4853 0 0 0 0 29.3137 0 0 0 0 0 62.2843 61.8701 61.4558 61.8701 62.2843 62.6985 63.1127</row>
            <row>27.0711 26.0711 25.0711 24.0711 23.0711 22.0711 21.0711 20.0711 19.0711 18.0711 17.0711 16.0711 15.0711 14.0711 13.0711 12.0711 11.0711 10.0711 9.07107 8.07107 7.07107 6.65685 6.24264 5.82843 5.41421 5 5.41421 5.82843 6.24264 6.65685 7.07107 8.07107 9.07107 10.0711 11.0711 0 0 0 0 16.6569 17.0711 18.0711 19.0711 20.0711 21.0711 22.0711 23.0711 0 0 0 0 29.4853 0 0 0 0 0 63.2843 62.8701 62.4558 62.8701 63.2843 63.6985 64.1127</row>
            <row>26.6569 25.6569 24.6569 23.6569 22.6569 21.6569 20.6569 19.6569 18.6569 17.6569 16.6569 15.6569 14.6569 13.6569 12.6569 11.6569 10.6569 9.65685 8.65685 7.65685 6.65685 5.65685 5.24264 4.82843 4.41421 4 4.41421 4.82843 5.24264 5.65685 6.65685 7.65685 8.65685 9.65685 10.6569 0 0 0 15.2426 15.6569 16.6569 17.6569 18.6569 19.6569 20.6569 21.6569 22.6569 0 0 0 0 28.4853 0 0 0 0 0 64.2843 63.8701 63.4558 63.8701 64.2843 64.6985 65.1127</row>
            <row>26.2426 25.2426 24.2426 23.2426 22.2426 21.2426 20.2426 19.2426 18.2426 17.2426 16.2426 15.2426 14.2426 13.2426 12.2426 11.2426 10.2426 9.24264 8.24264 7.24264 6.24264 5.24264 4.24264 3.82843 3.41421 3 3.41421 3.82843 4.24264 5.24264 6.24264 7.24264 8.24264 0 0 0 13.4142 13.8284 14.2426 0 0 0 0 0 21.0711 22.0711 23.0711 24.0711 25.0711 26.0711 27.0711 28.0711 0 0 0 0 0 65.2843 64.8701 64.4558 64.8701 65.2843 65.6985 66.1127</row>
            <row>25.8284 24.8284 23.8284 22.8284 21.8284 20.8284 19.8284 18.8284 17.8284 16.8284 15.8284 14.8284 13.8284 12.8284 11.8284 10.8284 9.82843 8.82843 7.82843 6.82843 5.82843 4.82843 3.82843 2.82843 2.41421 2 2.41421 2.82843 3.82843 4.82843 5.82843 6.82843 7.82843 0 0 0 12.4142 12.8284 13.8284 0 0 0 0 0 22.0711 22.4853 23.4853 24.4853 25.4853 26.4853 27.4853 28.4853 0 0 0 0 0 66.2843 65.8701 65.4558 65.8701 66.2843 66.6985 67.1127</row>
            <row>25.4142 24.4142 23.4142 22.4142 21.4142 20.4142 19.4142 18.4142 17.4142 16.4142 15.4142 14.4142 13.4142 12.4142 11.4142 10.4142 9.41421 8.41421 7.41421 6.41421 5.41421 4.41421 3.41421 2.41421 1.41421 1 1.41421 2.41421 3.41421 4.41421 5.41421 6.41421 7.41421 0 0 0 11.4142 12.4142 13.4142 0 0 0 0 0 23.0711 23.4853 23.8995 24.8995 25.8995 26.8995 27.8995 28.8995 0 0 0 0 0 67.2843 66.8701 66.4558 66.8701 67.2843 67.6985 68.1127</row>
            <row>25 24 23 22 21 20 19 18 17 16 15 14 13 12 11 10 9 8 7 6 5 4 3 2 1 0 1 2 3 4 5 6 7 8 9 10 11 12 13 0 0 0 0 0 24.0711 24.4853 24.8995 25.3137 26.3137 27.3137 28.3137 29.3137 0 0 0 0 0 68.2843 67.8701 67.4558 67.8701 68.2843 68.6985 69.1127</row>
            <row>25.4142 24.4142 23.4142 22.4142 21.4142 20.4142 19.4142 18.4142 17.4142 16.4142 15.4142 14.4142 13.4142 12.4142 11.4142 10.4142 9.41421 8.41421 7.41421 6.41421 5.41421 4.41421 3.41421 2.41421 1.41421 1 1.41421 2.41421 3.41421 4.41421 5.41421 6.41421 7.41421 8.41421 9.41421 10.4142 11.4142 12.4142 13.4142 0 0 0 0 0 25.0711 25.4853 25.8995 26.3137 26.7279 27.7279 28.7279 29.7279 0 0 0 0 0 69.2843 68.8701 68.4558 68.8701 69.2843 69.6985 70.1127</row>
        </grid>
    </heatmap>
</root>