<?xml version="1.0" encoding="UTF-8" ?>
<root>
    <map>
        <startx>33</startx>
        <starty>55</starty>
        <goalx>59</goalx>
        <goaly>16</goaly>
        <width>64</width>
        <height>64</height>
        <grid>
            <row>1 0 1 1 0 0 0 0 0 0 0 0 0 1 1 1 1 1 1 1 0 0 0 0 0 0 0 0 0 0 0 0 0 1 1 1 1 1 0 0 0 0 0 0 1 1 1 1 0 0 0 0 0 0 0 0 0 0 0 0 0 1 1 1</row>
            <row>1 1 0 0 0 0 0 0 0 0 0 0 0 0 1 1 1 1 1 1 0 0 0 0 0 0 0 0 0 0 0 0 0 0 0 0 0 0 0 0 0 0 0 1 1 1 1 1 0 0 0 0 0 0 0 0 0 0 0 0 0 0 1 1</row>
            <row>0 0 0 0 0 0 0 0 0 0 0 0 0 0 0 0 1 1 1 1 1 0 0 0 0 0 0 0 0 0 0 0 0 0 0 0 0 0 0 0 0 0 0 1 1 1 1 1 1 1 0 0 0 0 0 0 0 0 0 0 0 1 1 0</row>
            <row>0 0 0 0 0 0 0 0 0 0 0 0 0 0 0 0 0 1 1 1 1 1 0 0 0 0 0 0 0 0 0 0 0 0 0 0 0 0 0 0 0 0 0 0 1 1 1 1 1 1 0 0 0 0 0 0 0 0 0 0 0 0 1 1</row>
            <row>0 0 0 0 0 0 0 0 0 0 0 0 0 0 0 0 0 1 1 1 1 1 0 0 0 0 0 0 0 0 0 0 0 0 0 0 0 0 0 0 0 0 0 0 0 1 1 1 1 1 0 0 0 0 0 0 0 0 0 0 0 0 0 0</row>
            <row>0 0 0 0 0 0 0 0 0 0 0 0 0 0 0 0 0 1 1 1 1 0 0 0 0 0 0 0 0 0 0 0 0 0 0 0 0 0 0 0 0 0 0 0 0 1 1 1 1 1 0 0 0 0 0 0 0 0 0 0 0 0 0 0</row>
            <row>0 0 0 0 0 0 0 0 0 0 0 0 0 0 0 0 1 1 1 1 1 1 0 0 0 0 0 0 0 0 0 0 0 0 0 0 0 0 0 0 0 0 0 0 1 1 1 1 1 1 0 0 0 0 0 0 0 0 0 0 0 0 0 0</row>
            <row>0 0 0 0 0 0 0 0 0 0 0 0 0 0 0 0 1 1 1 1 1 1 0 0 0 0 0 0 0 0 0 0 0 0 0 0 0 0 0 0 0 0 0 0 1 1 1 1 0 0 0 0 0 0 0 0 0 0 0 0 0 0 0 0</row>
            <row>0 0 0 0 0 0 0 0 0 0 0 0 0 0 0 0 1 1 1 1 1 1 1 1 1 1 0 0 0 0 0 0 0 0 0 0 0 0 0 0 0 0 0 1 1 1 1 1 0 0 0 0 0 0 0 0 0 0 0 0 0 0 0 0</row>
            <row>0 0 0 0 0 0 0 0 0 0 0 0 0 0 0 0 1 1 1 1 1 1 1 1 1 1 1 0 0 0 0 0 0 0 0 0 0 0 0 0 0 0 1 1 1 1 1 1 0 0 0 0 0 0 0 0 0 0 0 0 0 0 0 0</row>
            <row>0 0 0 0 0 0 0 0 0 0 0 0 0 0 0 0 0 0 0 0 0 1 1 1 1 1 1 0 0 0 0 0 0 0 0 0 0 0 0 0 0 1 1 1 1 1 1 1 0 0 0 0 0 0 0 0 0 0 0 0 0 0 0 0</row>
            <row>0 0 0 0 0 0 0 0 0 0 0 0 0 0 0 0 0 0 0 0 0 0 1 1 1 1 0 0 0 0 1 1 0 0 0 0 0 0 0 0 1 1 1 1 1 1 0 0 0 0 0 0 0 0 0 0 0 0 0 0 0 0 0 0</row>
            <row>1 1 1 1 0 0 0 0 0 0 1 1 1 1 0 0 0 0 0 0 0 0 0 0 0 0 0 0 0 1 1 1 1 1 1 1 0 0 1 1 1 1 0 0 0 0 0 0 0 0 0 0 0 0 0 0 0 0 0 0 0 0 0 0</row>
            <row>1 1 1 1 1 1 1 1 1 1 1 1 1 1 1 1 0 0 0 0 0 0 0 0 0 0 0 0 0 1 1 1 1 1 1 1 1 1 1 1 1 1 0 0 0 0 0 0 0 0 1 1 1 1 0 0 0 0 0 0 0 0 0 0</row>
            <row>1 1 1 1 1 1 1 1 1 1 1 1 1 1 1 1 0 0 0 0 0 0 0 0 0 0 0 0 1 1 1 1 1 1 1 1 1 1 1 1 1 1 0 0 0 0 0 0 0 0 1 1 1 1 1 1 0 0 0 0 0 0 0 0</row>
            <row>0 0 0 0 0 0 0 0 0 1 1 1 1 1 1 1 0 0 0 0 0 0 0 0 0 0 0 0 0 1 1 1 1 1 1 1 1 1 1 1 1 1 1 1 0 0 0 0 0 0 0 0 1 1 1 1 0 0 0 0 0 0 0 0</row>
            <row>0 0 0 0 0 0 0 0 0 0 0 0 1 1 1 1 0 0 0 0 0 0 0 0 1 1 0 0 0 0 0 0 0 0 0 1 1 1 1 1 1 1 0 0 0 0 0 0 0 0 0 0 0 1 1 1 1 1 0 0 0 0 0 0</row>
            <row>0 0 0 0 0 0 0 0 0 0 0 0 1 1 1 1 1 0 0 0 0 0 0 1 1 1 1 1 0 0 0 0 0 0 0 0 0 0 0 0 0 0 0 0 0 0 0 0 0 0 0 0 0 0 1 1 1 1 1 0 0 0 0 0</row>
            <row>0 0 0 0 0 0 0 0 0 0 0 0 0 1 1 1 1 1 0 0 0 0 0 1 1 1 1 0 0 0 0 0 0 0 0 0 0 0 0 0 0 0 0 0 1 1 1 1 0 0 0 0 0 0 0 0 1 1 1 1 0 0 1 1</row>
            <row>0 0 0 0 0 0 0 0 0 0 0 0 0 0 1 1 1 1 1 1 0 0 1 1 1 1 1 1 0 0 0 0 0 0 0 0 0 0 0 0 0 0 1 1 1 1 1 0 0 0 0 0 0 0 0 0 1 1 1 1 1 1 1 1</row>
            <row>0 0 0 0 0 0 0 0 0 0 0 0 0 0 0 1 1 1 1 1 1 1 1 1 1 1 1 0 0 0 0 0 0 0 0 0 0 0 0 0 0 1 1 1 1 1 0 0 0 0 0 0 0 0 0 0 1 1 1 1 1 1 1 1</row>
            <row>1 1 0 0 0 0 0 0 0 0 0 0 0 0 0 0 0 0 1 1 1 1 1 1 1 1 1 1 0 0 0 0 0 0 0 0 0 0 0 0 1 1 1 1 1 0 0 0 0 0 0 0 1 1 1 1 1 1 0 1 1 1 1 1</row>
            <row>1 0 0 0 0 0 0 0 0 0 0 0 0 0 0 0 0 0 1 1 1 1 1 1 1 1 1 1 1 1 1 1 0 0 0 0 0 0 1 1 1 1 1 1 0 0 0 0 0 0 1 1 1 1 1 1 0 0 0 0 0 0 0 0</row>
            <row>0 0 0 0 0 0 0 0 0 0 0 0 0 0 0 0 0 0 1 1 1 1 1 1 0 0 0 1 1 1 1 1 0 0 0 0 1 1 1 1 1 1 1 1 0 0 0 0 0 0 1 1 1 1 0 0 0 0 0 0 0 0 0 0</row>
            <row>1 0 0 0 0 0 0 0 0 0 0 0 0 0 0 0 0 0 1 1 1 1 0 0 0 0 0 0 1 1 1 1 0 0 0 0 1 1 1 1 1 1 1 1 1 0 0 0 0 1 1 1 1 0 0 0 0 0 0 0 0 0 0 0</row>
            <row>0 0 0 0 0 0 0 0 0 0 0 0 0 0 1 1 1 1 1 1 0 0 0 0 0 0 0 0 0 0 0 0 0 0 0 0 0 0 0 1 1 1 1 1 0 0 0 0 0 1 1 1 1 0 0 0 0 0 0 0 0 0 0 0</row>
            <row>0 0 0 0 0 0 0 0 0 0 0 0 1 1 1 1 1 1 0 0 0 0 0 0 0 0 0 0 0 0 0 0 0 0 0 0 0 0 0 0 1 1 1 1 0 0 0 0 1 1 1 1 0 0 0 0 0 0 0 0 0 0 0 0</row>
            <row>0 0 0 0 0 0 0 0 0 0 0 0 0 0 0 0 0 0 0 0 0 0 0 0 0 0 0 0 0 0 0 0 0 0 0 0 0 0 1 1 1 1 0 0 0 0 0 1 1 1 1 1 0 0 0 0 0 0 0 0 0 0 0 0</row>
            <row>0 0 0 0 0 0 0 0 0 0 0 0 0 0 0 0 0 0 0 0 0 0 0 0 0 0 0 0 0 0 0 0 0 0 0 0 0 1 1 1 1 1 0 0 0 0 0 1 1 1 1 0 0 0 0 0 0 0 0 0 0 0 0 0</row>
            <row>0 0 0 0 0 0 0 0 0 0 0 0 0 0 0 0 0 0 0 0 0 0 1 1 1 1 0 0 0 0 0 0 0 0 0 0 0 0 1 1 0 0 0 0 0 0 0 0 1 1 1 1 0 0 0 0 0 0 0 0 0 0 0 0</row>
            <row>0 0 0 0 0 0 0 0 1 1 1 1 0 0 0 0 0 0 0 0 1 1 1 1 1 0 0 0 0 0 0 0 0 0 0 0 0 0 0 0 0 0 0 0 0 0 0 0 0 0 0 0 0 0 0 0 0 0 0 0 0 0 0 0</row>
            <row>0 0 0 0 0 0 0 0 1 1 1 1 1 0 0 0 0 0 0 0 0 1 1 1 1 0 0 0 0 0 0 0 0 0 0 0 0 0 0 0 0 0 0 0 0 0 0 0 0 0 0 0 0 0 0 0 0 0 0 0 0 0 0 0</row>
            <row>0 0 0 0 0 0 0 0 0 1 1 1 1 0 0 0 0 0 0 0 1 1 1 1 1 1 0 0 0 0 0 0 0 0 0 0 0 0 0 0 0 0 0 0 0 0 0 0 0 0 0 0 0 0 0 0 0 0 0 0 0 0 0 0</row>
            <row>0 0 0 0 0 0 0 0 0 1 1 1 1 1 0 0 0 0 0 0 1 1 1 1 0 0 0 0 0 0 0 0 0 0 0 0 0 0 0 0 1 1 0 0 0 0 0 0 0 0 0 0 1 1 1 0 0 0 0 0 0 0 0 0</row>
            <row>0 0 0 0 0 0 0 0 1 1 1 1 1 1 1 1 0 0 0 0 1 1 1 1 0 0 0 0 0 0 0 0 0 0 0 0 0 0 0 1 1 1 1 1 0 0 0 0 0 0 1 1 1 1 1 1 0 0 0 0 0 0 0 0</row>
            <row>0 0 0 0 1 1 1 1 1 1 1 1 0 0 1 1 1 1 1 1 1 1 0 0 0 0 0 0 0 0 0 0 0 0 0 0 0 0 0 0 1 1 1 1 1 0 0 0 0 0 1 1 1 1 1 1 0 0 0 0 0 0 0 0</row>
            <row>0 0 0 0 1 1 1 1 0 0 0 0 0 0 0 0 1 1 1 1 0 0 0 0 0 0 0 0 0 0 0 0 0 0 0 0 0 0 0 0 0 1 1 1 1 1 0 0 1 0 1 1 1 1 0 0 0 0 0 0 0 0 0 0</row>
            <row>0 0 0 0 1 1 1 1 0 0 0 0 0 0 0 0 0 0 0 0 0 0 0 0 0 0 0 0 0 0 0 0 1 0 0 0 0 0 0 0 0 0 1 1 1 1 1 1 1 1 1 1 0 0 0 0 0 0 0 0 0 0 0 0</row>
            <row>0 0 0 0 1 1 1 1 0 0 0 0 0 0 0 0 0 0 0 0 0 0 0 0 0 0 1 1 1 1 1 1 1 1 1 1 1 1 0 0 0 0 0 1 1 1 1 1 1 1 0 0 0 0 0 0 0 0 0 0 0 0 0 1</row>
            <row>0 0 0 1 1 1 1 1 0 0 0 0 0 0 0 0 0 0 0 0 0 0 0 0 1 1 1 1 1 1 1 1 1 1 1 1 1 1 1 0 0 0 0 0 1 1 1 1 1 1 0 0 0 0 0 0 0 0 0 0 0 0 1 1</row>
            <row>0 0 0 1 1 1 1 1 1 0 0 0 0 0 0 0 1 1 0 0 0 0 0 0 1 1 1 1 0 0 1 1 1 1 1 1 1 1 1 1 0 0 0 0 1 1 1 1 1 0 0 0 0 0 0 0 0 0 0 0 0 0 0 1</row>
            <row>0 0 0 1 1 1 1 1 0 0 0 0 0 0 1 1 1 1 0 0 0 0 0 0 0 0 0 0 0 0 0 0 0 0 1 1 1 1 1 1 0 0 0 0 1 1 1 1 1 1 0 0 0 0 0 0 0 0 0 0 0 0 0 0</row>
            <row>0 0 1 1 1 1 1 1 0 0 0 0 0 0 1 1 1 1 0 0 0 0 0 0 0 0 0 0 0 0 0 0 0 0 1 1 1 1 0 0 0 0 0 0 0 1 1 1 1 1 0 0 0 0 0 0 0 0 0 0 0 0 0 0</row>
            <row>1 1 1 1 1 1 1 1 0 0 0 0 0 0 0 1 1 1 1 0 0 0 0 0 0 0 0 0 0 0 0 0 0 1 1 1 1 0 0 0 0 0 0 0 0 0 1 1 1 1 0 0 0 0 0 0 0 0 0 0 0 0 0 0</row>
            <row>1 1 1 1 1 1 1 1 0 0 0 0 0 0 0 1 1 1 1 1 0 0 0 0 0 0 0 0 0 0 0 0 0 1 1 1 1 0 0 0 0 0 0 0 0 0 1 1 1 1 0 0 0 0 0 0 0 0 0 0 0 0 0 0</row>
            <row>1 1 1 1 1 1 1 1 1 0 0 0 0 0 0 0 1 1 1 1 0 0 0 0 0 0 0 0 0 0 0 0 0 1 1 1 1 0 0 0 0 0 0 0 0 0 1 1 1 1 1 1 0 0 0 0 0 0 0 0 0 0 0 0</row>
            <row>1 1 1 1 1 1 1 1 0 0 0 0 0 0 0 0 1 1 1 1 1 1 0 0 0 0 0 0 0 0 0 0 1 1 1 1 0 0 0 0 0 0 0 0 0 0 0 1 1 1 1 1 1 1 0 0 0 0 1 1 1 0 0 0</row>
            <row>0 0 0 1 1 1 1 0 0 0 0 0 0 0 0 0 0 0 1 1 1 1 1 1 1 1 0 0 0 0 1 1 1 1 1 0 0 0 0 0 0 0 0 0 0 0 0 0 1 1 1 1 1 1 1 1 1 1 1 1 1 1 1 1</row>
            <row>0 0 0 0 1 1 0 0 0 0 0 0 0 0 0 0 0 0 0 1 1 1 1 1 1 1 0 0 0 0 1 1 1 1 1 0 0 0 0 0 0 0 0 0 0 0 0 0 0 1 1 1 1 1 1 1 1 1 1 1 1 1 1 1</row>
            <row>0 0 0 0 0 0 0 0 0 0 1 1 1 1 0 0 0 0 1 1 1 1 1 1 1 1 0 0 0 0 1 1 1 1 1 0 0 0 0 0 0 0 1 1 0 0 0 0 0 0 1 1 1 1 1 1 0 0 1 1 1 1 0 0</row>
            <row>0 0 0 0 0 0 0 0 0 0 1 1 1 1 1 1 1 1 1 1 1 1 1 1 1 1 1 0 0 0 1 1 1 1 1 1 0 0 0 0 1 1 1 1 1 1 0 0 0 0 0 0 0 0 0 0 0 0 0 0 0 0 0 0</row>
            <row>0 0 0 0 0 0 0 0 0 0 1 1 1 1 1 1 1 1 1 1 1 1 1 1 1 1 0 0 0 0 0 1 1 1 1 1 1 1 1 1 1 1 1 1 1 1 0 0 0 0 0 0 0 0 0 0 0 0 0 0 0 0 0 0</row>
            <row>0 0 0 0 0 0 0 0 0 0 0 0 0 1 1 1 1 1 1 1 1 1 1 1 0 0 0 0 0 0 0 0 0 0 0 1 1 1 1 1 1 1 1 1 1 1 1 1 0 0 0 0 0 0 0 0 0 0 0 0 0 0 0 0</row>
            <row>0 0 0 0 0 0 0 0 0 0 0 0 0 0 0 1 1 1 1 1 1 0 0 0 0 0 0 0 0 0 0 0 0 0 0 0 0 1 1 1 1 1 1 1 1 1 1 1 0 0 0 0 0 0 0 0 0 0 0 0 0 0 0 0</row>
            <row>0 0 0 0 0 0 0 0 0 0 0 0 0 0 0 0 1 1 1 1 0 0 0 0 0 0 0 0 0 0 0 0 0 0 0 0 0 0 1 1 1 1 1 1 1 1 1 1 0 0 0 0 0 0 0 0 0 0 0 0 0 0 0 0</row>
            <row>0 0 0 0 0 0 0 0 0 0 0 0 0 0 0 0 1 1 1 1 0 0 0 0 0 0 0 0 0 0 0 0 0 0 0 0 0 0 0 1 1 1 1 1 1 1 0 0 0 0 0 0 0 0 0 0 0 0 0 0 0 0 0 0</row>
            <row>0 0 0 0 0 0 0 0 0 0 0 0 0 0 0 1 1 1 1 1 1 0 0 0 0 0 0 0 0 0 0 0 0 0 0 0 0 0 0 0 1 1 1 1 1 1 0 0 0 0 0 0 0 0 0 0 0 0 0 0 0 0 0 0</row>
            <row>1 0 0 0 0 0 0 0 0 0 0 0 0 0 0 1 1 1 1 1 0 0 0 0 0 0 0 0 0 0 0 0 0 0 0 0 0 0 0 0 0 1 1 1 1 1 0 0 0 0 0 0 0 0 0 0 0 0 0 0 0 0 0 0</row>
            <row>1 1 0 0 0 0 0 0 0 0 0 0 0 0 1 1 1 1 1 1 0 0 0 0 0 0 0 0 0 0 0 0 0 0 0 0 0 0 0 0 0 0 1 1 1 1 1 0 0 0 0 0 0 0 0 0 0 0 0 0 0 0 0 0</row>
            <row>1 1 0 0 0 0 0 0 0 0 0 0 0 0 0 1 1 1 1 1 0 0 0 0 0 0 0 0 0 0 0 0 0 0 0 0 0 0 0 0 0 0 1 1 1 1 1 1 0 0 0 0 0 0 0 0 0 0 0 0 0 0 0 0</row>
            <row>0 1 1 0 0 0 0 0 0 0 0 0 0 0 0 0 1 1 1 1 1 1 0 0 0 0 0 0 0 0 0 0 0 0 0 0 0 0 0 0 0 1 1 1 1 1 1 1 0 0 0 0 0 0 0 0 0 0 0 0 0 0 0 0</row>
            <row>1 1 0 0 0 0 0 0 0 0 0 0 0 0 0 0 0 1 1 1 1 1 0 0 0 0 0 0 0 0 0 0 0 0 0 0 0 0 0 0 1 1 1 1 1 1 0 0 0 0 0 0 0 0 0 0 0 0 0 0 0 0 1 1</row>
            <row>1 0 1 1 1 0 0 0 0 0 0 0 0 0 0 0 0 1 1 1 1 1 1 0 0 0 0 0 0 0 0 0 0 0 0 0 0 0 0 0 1 1 1 1 1 1 0 0 0 0 0 0 0 0 0 0 0 0 0 1 1 1 0 0</row>
            <row>1 1 1 1 0 1 1 0 0 0 0 0 0 0 0 0 0 1 1 1 1 1 1 0 0 0 0 0 0 1 1 1 1 1 1 1 1 0 0 0 1 1 1 1 1 1 0 0 0 0 0 0 0 1 1 1 1 1 1 0 0 1 1 1</row>
        </grid>
    </map>
    <heatmap>
        <width>64</width>
        <height>64</height>
        <grid>
            <row>0 68.7696 0 0 65.7696 64.7696 63.7696 63.3553 62.9411 62.5269 62.1127 61.6985 61.2843 0 0 0 0 0 0 0 53.8701 53.4558 53.0416 52.6274 52.2132 51.799 51.3848 50.9706 51.3848 51.799 52.2132 52.6274 53.0416 0 0 0 0 0 55.5269 55.9411 56.3553 57.3553 58.3553 59.3553 0 0 0 0 20.5563 20.1421 19.7279 19.3137 18.8995 18.4853 18.0711 17.6569 17.2426 16.8284 16.4142 16 16.4142 0 0 0</row>
            <row>0 0 67.3553 66.3553 65.3553 64.3553 63.3553 62.3553 61.9411 61.5269 61.1127 60.6985 60.2843 59.8701 0 0 0 0 0 0 52.8701 52.4558 52.0416 51.6274 51.2132 50.799 50.3848 49.9706 50.3848 50.799 51.2132 51.6274 52.0416 52.4558 52.8701 53.2843 53.6985 54.1127 54.5269 54.9411 55.9411 56.9411 57.9411 0 0 0 0 0 20.1421 19.1421 18.7279 18.3137 17.8995 17.4853 17.0711 16.6569 16.2426 15.8284 15.4142 15 15.4142 15.8284 0 0</row>
            <row>68.9411 67.9411 66.9411 65.9411 64.9411 63.9411 62.9411 61.9411 60.9411 60.5269 60.1127 59.6985 59.2843 58.8701 58.4558 58.0416 0 0 0 0 0 51.4558 51.0416 50.6274 50.2132 49.799 49.3848 48.9706 49.3848 49.799 50.2132 50.6274 51.0416 51.4558 51.8701 52.2843 52.6985 53.1127 53.5269 54.5269 55.5269 56.5269 57.5269 0 0 0 0 0 0 0 17.7279 17.3137 16.8995 16.4853 16.0711 15.6569 15.2426 14.8284 14.4142 14 14.4142 0 0 0</row>
            <row>68.5269 67.5269 66.5269 65.5269 64.5269 63.5269 62.5269 61.5269 60.5269 59.5269 59.1127 58.6985 58.2843 57.8701 57.4558 57.0416 57.4558 0 0 0 0 0 50.0416 49.6274 49.2132 48.799 48.3848 47.9706 48.3848 48.799 49.2132 49.6274 50.0416 50.4558 50.8701 51.2843 51.6985 52.1127 53.1127 54.1127 55.1127 56.1127 57.1127 58.1127 0 0 0 0 0 0 16.7279 16.3137 15.8995 15.4853 15.0711 14.6569 14.2426 13.8284 13.4142 13 13.4142 13.8284 0 0</row>
            <row>68.1127 67.1127 66.1127 65.1127 64.1127 63.1127 62.1127 61.1127 60.1127 59.1127 58.1127 57.6985 57.2843 56.8701 56.4558 56.0416 56.4558 0 0 0 0 0 49.0416 48.6274 48.2132 47.799 47.3848 46.9706 47.3848 47.799 48.2132 48.6274 49.0416 49.4558 49.8701 50.2843 50.6985 51.6985 52.6985 53.6985 54.6985 55.6985 56.6985 57.6985 58.6985 0 0 0 0 0 15.7279 15.3137 14.8995 14.4853 14.0711 13.6569 13.2426 12.8284 12.4142 12 12.4142 12.8284 13.2426 13.6569</row>
            <row>67.6985 66.6985 65.6985 64.6985 63.6985 62.6985 61.6985 60.6985 59.6985 58.6985 57.6985 56.6985 56.2843 55.8701 55.4558 55.0416 55.4558 0 0 0 0 49.6274 48.6274 47.6274 47.2132 46.799 46.3848 45.9706 46.3848 46.799 47.2132 47.6274 48.0416 48.4558 48.8701 49.2843 50.2843 51.2843 52.2843 53.2843 54.2843 55.2843 56.2843 57.2843 58.2843 0 0 0 0 0 14.7279 14.3137 13.8995 13.4853 13.0711 12.6569 12.2426 11.8284 11.4142 11 11.4142 11.8284 12.2426 12.6569</row>
            <row>67.2843 66.2843 65.2843 64.2843 63.2843 62.2843 61.2843 60.2843 59.2843 58.2843 57.2843 56.2843 55.2843 54.8701 54.4558 54.0416 0 0 0 0 0 0 48.2132 47.2132 46.2132 45.799 45.3848 44.9706 45.3848 45.799 46.2132 46.6274 47.0416 47.4558 47.8701 48.8701 49.8701 50.8701 51.8701 52.8701 53.8701 54.8701 55.8701 56.8701 0 0 0 0 0 0 13.7279 13.3137 12.8995 12.4853 12.0711 11.6569 11.2426 10.8284 10.4142 10 10.4142 10.8284 11.2426 11.6569</row>
            <row>66.8701 65.8701 64.8701 63.8701 62.8701 61.8701 60.8701 59.8701 58.8701 57.8701 56.8701 55.8701 54.8701 53.8701 53.4558 53.0416 0 0 0 0 0 0 47.799 46.799 45.799 44.799 44.3848 43.9706 44.3848 44.799 45.2132 45.6274 46.0416 46.4558 47.4558 48.4558 49.4558 50.4558 51.4558 52.4558 53.4558 54.4558 55.4558 56.4558 0 0 0 0 14.7279 13.7279 12.7279 12.3137 11.8995 11.4853 11.0711 10.6569 10.2426 9.82843 9.41421 9 9.41421 9.82843 10.2426 10.6569</row>
            <row>66.4558 65.4558 64.4558 63.4558 62.4558 61.4558 60.4558 59.4558 58.4558 57.4558 56.4558 55.4558 54.4558 53.4558 52.4558 52.0416 0 0 0 0 0 0 0 0 0 0 43.3848 42.9706 43.3848 43.799 44.2132 44.6274 45.0416 46.0416 47.0416 48.0416 49.0416 50.0416 51.0416 52.0416 53.0416 54.0416 55.0416 0 0 0 0 0 14.3137 13.3137 12.3137 11.3137 10.8995 10.4853 10.0711 9.65685 9.24264 8.82843 8.41421 8 8.41421 8.82843 9.24264 9.65685</row>
            <row>66.0416 65.0416 64.0416 63.0416 62.0416 61.0416 60.0416 59.0416 58.0416 57.0416 56.0416 55.0416 54.0416 53.0416 52.0416 51.0416 0 0 0 0 0 0 0 0 0 0 0 41.9706 42.3848 42.799 43.2132 43.6274 44.6274 45.6274 46.6274 47.6274 48.6274 49.6274 50.6274 51.6274 52.6274 53.6274 0 0 0 0 0 0 13.8995 12.8995 11.8995 10.8995 9.89949 9.48528 9.07107 8.65685 8.24264 7.82843 7.41421 7 7.41421 7.82843 8.24264 8.65685</row>
            <row>65.6274 64.6274 63.6274 62.6274 61.6274 60.6274 59.6274 58.6274 57.6274 56.6274 55.6274 54.6274 53.6274 52.6274 51.6274 50.6274 49.6274 48.6274 47.6274 46.6274 45.6274 0 0 0 0 0 0 40.9706 41.3848 41.799 42.2132 43.2132 44.2132 45.2132 46.2132 47.2132 48.2132 49.2132 50.2132 51.2132 52.2132 0 0 0 0 0 0 0 13.4853 12.4853 11.4853 10.4853 9.48528 8.48528 8.07107 7.65685 7.24264 6.82843 6.41421 6 6.41421 6.82843 7.24264 7.65685</row>
            <row>65.2132 64.2132 63.2132 62.2132 61.2132 60.2132 59.2132 58.2132 57.2132 56.2132 55.2132 54.2132 53.2132 52.2132 51.2132 50.2132 49.2132 48.2132 47.2132 46.2132 45.2132 44.2132 0 0 0 0 40.3848 39.9706 40.3848 40.799 0 0 44.6274 45.6274 46.6274 47.6274 48.6274 49.6274 50.6274 51.6274 0 0 0 0 0 0 15.0711 14.0711 13.0711 12.0711 11.0711 10.0711 9.07107 8.07107 7.07107 6.65685 6.24264 5.82843 5.41421 5 5.41421 5.82843 6.24264 6.65685</row>
            <row>0 0 0 0 61.6274 60.6274 59.6274 58.6274 57.6274 56.6274 0 0 0 0 50.799 49.799 48.799 47.799 46.799 45.799 44.799 43.799 42.799 41.799 40.799 39.799 39.3848 38.9706 39.3848 0 0 0 0 0 0 0 49.0416 50.0416 0 0 0 0 18.6569 17.6569 16.6569 15.6569 14.6569 13.6569 12.6569 11.6569 10.6569 9.65685 8.65685 7.65685 6.65685 5.65685 5.24264 4.82843 4.41421 4 4.41421 4.82843 5.24264 5.65685</row>
            <row>0 0 0 0 0 0 0 0 0 0 0 0 0 0 0 0 48.3848 47.3848 46.3848 45.3848 44.3848 43.3848 42.3848 41.3848 40.3848 39.3848 38.3848 37.9706 38.3848 0 0 0 0 0 0 0 0 0 0 0 0 0 19.0711 18.0711 17.0711 16.0711 15.0711 14.0711 13.0711 12.0711 0 0 0 0 6.24264 5.24264 4.24264 3.82843 3.41421 3 3.41421 3.82843 4.24264 5.24264</row>
            <row>0 0 0 0 0 0 0 0 0 0 0 0 0 0 0 0 47.9706 46.9706 45.9706 44.9706 43.9706 42.9706 41.9706 40.9706 39.9706 38.9706 37.9706 36.9706 0 0 0 0 0 0 0 0 0 0 0 0 0 0 19.4853 18.4853 17.4853 16.4853 15.4853 14.4853 13.4853 13.0711 0 0 0 0 0 0 3.82843 2.82843 2.41421 2 2.41421 2.82843 3.82843 4.82843</row>
            <row>71.8406 71.4264 71.0122 70.598 70.1838 69.7696 69.3553 68.9411 68.5269 0 0 0 0 0 0 0 47.5563 46.5563 45.5563 44.5563 43.5563 42.5563 41.5563 40.5563 39.5563 38.5563 37.5563 36.5563 35.5563 0 0 0 0 0 0 0 0 0 0 0 0 0 0 0 17.8995 16.8995 15.8995 14.8995 14.4853 14.0711 14.4853 15.4853 0 0 0 0 3.41421 2.41421 1.41421 1 1.41421 2.41421 3.41421 4.41421</row>
            <row>71.4264 70.4264 70.0122 69.598 69.1838 68.7696 68.3553 67.9411 67.5269 67.1127 66.6985 66.2843 0 0 0 0 47.9706 46.9706 45.9706 44.9706 43.9706 42.9706 41.9706 40.9706 0 0 37.1421 36.1421 35.1421 34.1421 33.1421 32.1421 31.1421 30.1421 29.1421 0 0 0 0 0 0 0 20.3137 19.3137 18.3137 17.3137 16.3137 15.8995 15.4853 15.0711 15.4853 15.8995 16.8995 0 0 0 0 0 1 0 1 2 3 4</row>
            <row>71.0122 70.0122 69.0122 68.598 68.1838 67.7696 67.3553 66.9411 66.5269 66.1127 65.6985 65.2843 0 0 0 0 0 47.3848 46.3848 45.3848 44.3848 43.3848 42.3848 0 0 0 0 0 34.7279 33.7279 32.7279 31.7279 30.7279 29.7279 28.7279 27.7279 26.7279 25.7279 24.7279 23.7279 22.7279 21.7279 20.7279 19.7279 18.7279 17.7279 17.3137 16.8995 16.4853 16.0711 16.4853 16.8995 17.3137 18.3137 0 0 0 0 0 1 1.41421 2.41421 3.41421 4.41421</row>
            <row>70.598 69.598 68.598 67.598 67.1838 66.7696 66.3553 65.9411 65.5269 65.1127 64.6985 64.2843 64.6985 0 0 0 0 0 46.799 45.799 44.799 43.799 43.3848 0 0 0 0 36.1421 35.1421 34.1421 33.1421 32.1421 31.1421 30.1421 29.1421 28.1421 27.1421 26.1421 25.1421 24.1421 23.1421 22.1421 21.1421 20.1421 0 0 0 0 17.4853 17.0711 17.4853 17.8995 18.3137 18.7279 19.7279 20.7279 0 0 0 0 2.41421 2.82843 0 0</row>
            <row>70.1838 69.1838 68.1838 67.1838 66.1838 65.7696 65.3553 64.9411 64.5269 64.1127 63.6985 63.2843 63.6985 64.1127 0 0 0 0 0 0 45.2132 44.799 0 0 0 0 0 0 35.5563 34.5563 33.5563 32.5563 31.5563 30.5563 29.5563 28.5563 27.5563 26.5563 25.5563 24.5563 23.5563 22.5563 0 0 0 0 0 18.8995 18.4853 18.0711 18.4853 18.8995 19.3137 19.7279 20.1421 21.1421 0 0 0 0 0 0 0 0</row>
            <row>69.7696 68.7696 67.7696 66.7696 65.7696 64.7696 64.3553 63.9411 63.5269 63.1127 62.6985 62.2843 62.6985 63.1127 63.5269 0 0 0 0 0 0 0 0 0 0 0 0 36.9706 35.9706 34.9706 33.9706 32.9706 31.9706 30.9706 29.9706 28.9706 27.9706 26.9706 25.9706 24.9706 23.9706 0 0 0 0 0 20.3137 19.8995 19.4853 19.0711 19.4853 19.8995 20.3137 20.7279 21.1421 21.5563 0 0 0 0 0 0 0 0</row>
            <row>0 0 67.3553 66.3553 65.3553 64.3553 63.3553 62.9411 62.5269 62.1127 61.6985 61.2843 61.6985 62.1127 62.5269 62.9411 63.3553 64.3553 0 0 0 0 0 0 0 0 0 0 36.3848 35.3848 34.3848 33.3848 32.3848 31.3848 30.3848 29.3848 28.3848 27.3848 26.3848 25.3848 0 0 0 0 0 21.7279 21.3137 20.8995 20.4853 20.0711 20.4853 20.8995 0 0 0 0 0 0 46.0416 0 0 0 0 0</row>
            <row>0 67.9411 66.9411 65.9411 64.9411 63.9411 62.9411 61.9411 61.5269 61.1127 60.6985 60.2843 60.6985 61.1127 61.5269 61.9411 62.9411 63.9411 0 0 0 0 0 0 0 0 0 0 0 0 0 0 32.799 31.799 30.799 29.799 28.799 27.799 0 0 0 0 0 0 23.1421 22.7279 22.3137 21.8995 21.4853 21.0711 0 0 0 0 0 0 44.2132 44.6274 45.0416 45.4558 46.4558 47.4558 48.4558 49.4558</row>
            <row>68.5269 67.5269 66.5269 65.5269 64.5269 63.5269 62.5269 61.5269 60.5269 60.1127 59.6985 59.2843 59.6985 60.1127 60.5269 61.5269 62.5269 63.5269 0 0 0 0 0 0 42.8701 41.8701 40.8701 0 0 0 0 0 33.2132 32.2132 31.2132 30.2132 0 0 0 0 0 0 0 0 24.1421 23.7279 23.3137 22.8995 22.4853 22.0711 0 0 0 0 42.3848 42.799 43.2132 43.6274 44.0416 45.0416 46.0416 47.0416 48.0416 49.0416</row>
            <row>0 67.1127 66.1127 65.1127 64.1127 63.1127 62.1127 61.1127 60.1127 59.1127 58.6985 58.2843 58.6985 59.1127 60.1127 61.1127 62.1127 63.1127 0 0 0 0 44.4558 43.4558 42.4558 41.4558 40.4558 39.4558 0 0 0 0 33.6274 32.6274 31.6274 31.2132 0 0 0 0 0 0 0 0 0 24.7279 24.3137 23.8995 23.4853 0 0 0 0 40.9706 41.3848 41.799 42.2132 42.6274 43.6274 44.6274 45.6274 46.6274 47.6274 48.6274</row>
            <row>67.6985 66.6985 65.6985 64.6985 63.6985 62.6985 61.6985 60.6985 59.6985 58.6985 57.6985 57.2843 57.6985 58.6985 0 0 0 0 0 0 46.0416 45.0416 44.0416 43.0416 42.0416 41.0416 40.0416 39.0416 38.0416 37.0416 36.0416 35.0416 34.0416 33.0416 32.6274 32.2132 32.6274 33.6274 34.6274 0 0 0 0 0 26.1421 25.7279 25.3137 24.8995 24.4853 0 0 0 0 39.9706 40.3848 40.799 41.2132 42.2132 43.2132 44.2132 45.2132 46.2132 47.2132 48.2132</row>
            <row>67.2843 66.2843 65.2843 64.2843 63.2843 62.2843 61.2843 60.2843 59.2843 58.2843 57.2843 56.2843 0 0 0 0 0 0 48.4558 47.4558 46.4558 45.4558 44.4558 43.4558 42.4558 41.4558 40.4558 39.4558 38.4558 37.4558 36.4558 35.4558 34.4558 34.0416 33.6274 33.2132 33.6274 34.0416 35.0416 36.0416 0 0 0 0 27.1421 26.7279 26.3137 25.8995 0 0 0 0 38.5563 38.9706 39.3848 39.799 40.799 41.799 42.799 43.799 44.799 45.799 46.799 47.799</row>
            <row>66.8701 65.8701 64.8701 63.8701 62.8701 61.8701 60.8701 59.8701 58.8701 57.8701 56.8701 55.8701 54.8701 53.8701 52.8701 51.8701 50.8701 49.8701 48.8701 47.8701 46.8701 45.8701 44.8701 43.8701 42.8701 41.8701 40.8701 39.8701 38.8701 37.8701 36.8701 35.8701 35.4558 35.0416 34.6274 34.2132 34.6274 35.0416 0 0 0 0 29.5563 28.5563 28.1421 27.7279 27.3137 0 0 0 0 0 37.5563 37.9706 38.3848 39.3848 40.3848 41.3848 42.3848 43.3848 44.3848 45.3848 46.3848 47.3848</row>
            <row>67.2843 66.2843 65.2843 64.2843 63.2843 62.2843 61.2843 60.2843 59.2843 58.2843 57.2843 56.2843 55.2843 54.2843 53.2843 52.2843 51.2843 50.2843 49.2843 48.2843 47.2843 46.2843 45.2843 44.2843 43.2843 42.2843 41.2843 40.2843 39.2843 38.2843 37.2843 36.8701 36.4558 36.0416 35.6274 35.2132 35.6274 0 0 0 0 0 29.9706 29.5563 29.1421 28.7279 28.3137 0 0 0 0 36.9706 36.5563 36.9706 37.9706 38.9706 39.9706 40.9706 41.9706 42.9706 43.9706 44.9706 45.9706 46.9706</row>
            <row>67.6985 66.6985 65.6985 64.6985 63.6985 62.6985 61.6985 60.6985 59.6985 58.6985 57.6985 56.6985 55.6985 54.6985 53.6985 52.6985 51.6985 50.6985 49.6985 48.6985 47.6985 46.6985 0 0 0 0 41.6985 40.6985 39.6985 38.6985 38.2843 37.8701 37.4558 37.0416 36.6274 36.2132 36.6274 36.2132 0 0 32.3848 31.3848 30.9706 30.5563 30.1421 29.7279 29.3137 29.7279 0 0 0 0 35.5563 36.5563 37.5563 38.5563 39.5563 40.5563 41.5563 42.5563 43.5563 44.5563 45.5563 46.5563</row>
            <row>68.1127 67.1127 66.1127 65.1127 64.1127 63.1127 62.1127 61.1127 0 0 0 0 56.1127 55.1127 54.1127 53.1127 52.1127 51.1127 50.1127 49.1127 0 0 0 0 0 43.1127 42.1127 41.1127 40.1127 39.6985 39.2843 38.8701 38.4558 38.0416 37.6274 37.2132 36.799 35.799 34.799 33.799 32.799 32.3848 31.9706 31.5563 31.1421 30.7279 30.3137 30.7279 31.1421 32.1421 33.1421 34.1421 35.1421 36.1421 37.1421 38.1421 39.1421 40.1421 41.1421 42.1421 43.1421 44.1421 45.1421 46.1421</row>
            <row>68.5269 67.5269 66.5269 65.5269 64.5269 63.5269 62.5269 62.1127 0 0 0 0 0 55.5269 54.5269 53.5269 52.5269 51.5269 50.5269 50.1127 50.5269 0 0 0 0 43.5269 42.5269 41.5269 41.1127 40.6985 40.2843 39.8701 39.4558 39.0416 38.6274 38.2132 37.2132 36.2132 35.2132 34.2132 33.799 33.3848 32.9706 32.5563 32.1421 31.7279 31.3137 31.7279 32.1421 32.5563 33.5563 34.5563 35.5563 36.5563 37.5563 38.5563 39.5563 40.5563 41.5563 42.5563 43.5563 44.5563 45.5563 46.5563</row>
            <row>68.9411 67.9411 66.9411 65.9411 64.9411 63.9411 63.5269 63.1127 63.5269 0 0 0 0 55.9411 54.9411 53.9411 52.9411 51.9411 51.5269 51.1127 0 0 0 0 0 0 42.9411 42.5269 42.1127 41.6985 41.2843 40.8701 40.4558 40.0416 39.6274 38.6274 37.6274 36.6274 35.6274 35.2132 34.799 34.3848 33.9706 33.5563 33.1421 32.7279 32.3137 32.7279 33.1421 33.5563 33.9706 34.9706 35.9706 36.9706 37.9706 38.9706 39.9706 40.9706 41.9706 42.9706 43.9706 44.9706 45.9706 46.9706</row>
            <row>69.3553 68.3553 67.3553 66.3553 65.3553 64.9411 64.5269 64.1127 64.5269 0 0 0 0 0 55.3553 54.3553 53.3553 52.9411 52.5269 52.1127 0 0 0 0 45.3553 44.3553 43.9411 43.5269 43.1127 42.6985 42.2843 41.8701 41.4558 41.0416 40.0416 39.0416 38.0416 37.0416 36.6274 36.2132 0 0 34.9706 34.5563 34.1421 33.7279 33.3137 33.7279 34.1421 34.5563 34.9706 35.3848 0 0 0 39.3848 40.3848 41.3848 42.3848 43.3848 44.3848 45.3848 46.3848 47.3848</row>
            <row>69.7696 68.7696 67.7696 66.7696 66.3553 65.9411 65.5269 65.1127 0 0 0 0 0 0 0 0 54.3553 53.9411 53.5269 53.1127 0 0 0 0 45.7696 45.3553 44.9411 44.5269 44.1127 43.6985 43.2843 42.8701 42.4558 41.4558 40.4558 39.4558 38.4558 38.0416 37.6274 0 0 0 0 0 35.1421 34.7279 34.3137 34.7279 35.1421 35.5563 0 0 0 0 0 0 40.799 41.799 42.799 43.799 44.799 45.799 46.799 47.799</row>
            <row>70.1838 69.1838 68.1838 67.7696 0 0 0 0 0 0 0 0 59.8406 58.8406 0 0 0 0 0 0 0 0 48.1838 47.1838 46.7696 46.3553 45.9411 45.5269 45.1127 44.6985 44.2843 43.8701 42.8701 41.8701 40.8701 39.8701 39.4558 39.0416 38.6274 39.0416 0 0 0 0 0 35.7279 35.3137 35.7279 36.1421 36.5563 0 0 0 0 0 0 41.799 42.2132 43.2132 44.2132 45.2132 46.2132 47.2132 48.2132</row>
            <row>70.598 69.598 69.1838 68.7696 0 0 0 0 63.4264 62.4264 61.4264 60.4264 59.4264 58.4264 57.4264 56.4264 0 0 0 0 50.598 49.598 48.598 48.1838 47.7696 47.3553 46.9411 46.5269 46.1127 45.6985 45.2843 44.2843 43.2843 42.2843 41.2843 40.8701 40.4558 40.0416 39.6274 40.0416 40.4558 0 0 0 0 0 36.3137 36.7279 0 37.5563 0 0 0 0 44.2132 43.2132 42.799 43.2132 43.6274 44.6274 45.6274 46.6274 47.6274 48.6274</row>
            <row>71.0122 70.598 70.1838 69.7696 0 0 0 0 63.0122 62.0122 61.0122 60.0122 59.0122 58.0122 57.0122 56.0122 55.0122 54.0122 53.0122 52.0122 51.0122 50.0122 49.598 49.1838 48.7696 48.3553 47.9411 47.5269 47.1127 46.6985 45.6985 44.6985 0 42.6985 42.2843 41.8701 41.4558 41.0416 40.6274 41.0416 41.4558 41.8701 0 0 0 0 0 0 0 0 0 0 46.6274 45.6274 44.6274 44.2132 43.799 44.2132 44.6274 45.0416 46.0416 47.0416 48.0416 49.0416</row>
            <row>72.0122 71.598 71.1838 70.7696 0 0 0 0 63.4264 62.4264 61.4264 60.4264 59.4264 58.4264 57.4264 56.4264 55.4264 54.4264 53.4264 52.4264 51.4264 51.0122 50.598 50.1838 49.7696 49.3553 0 0 0 0 0 0 0 0 0 0 0 0 41.6274 42.0416 42.4558 42.8701 43.2843 0 0 0 0 0 0 0 49.0416 48.0416 47.0416 46.0416 45.6274 45.2132 44.799 45.2132 45.6274 46.0416 46.4558 47.4558 48.4558 0</row>
            <row>73.0122 72.598 72.1838 0 0 0 0 0 63.8406 62.8406 61.8406 60.8406 59.8406 58.8406 57.8406 56.8406 55.8406 54.8406 53.8406 52.8406 52.4264 52.0122 51.598 51.1838 0 0 0 0 0 0 0 0 0 0 0 0 0 0 0 43.0416 43.4558 43.8701 44.2843 44.6985 0 0 0 0 0 0 49.4558 48.4558 47.4558 47.0416 46.6274 46.2132 45.799 46.2132 46.6274 47.0416 47.4558 47.8701 0 0</row>
            <row>74.0122 73.598 73.1838 0 0 0 0 0 0 63.2548 62.2548 61.2548 60.2548 59.2548 58.2548 57.2548 0 0 54.2548 53.8406 53.4264 53.0122 52.598 52.1838 0 0 0 0 58.0122 59.0122 0 0 0 0 0 0 0 0 0 0 44.4558 44.8701 45.2843 45.6985 0 0 0 0 0 50.8701 49.8701 48.8701 48.4558 48.0416 47.6274 47.2132 46.799 47.2132 47.6274 48.0416 48.4558 48.8701 49.2843 0</row>
            <row>75.0122 74.598 74.1838 0 0 0 0 0 64.669 63.669 62.669 61.669 60.669 59.669 0 0 0 0 55.2548 54.8406 54.4264 54.0122 53.598 53.1838 53.598 54.598 55.598 56.598 57.598 58.598 59.598 60.598 61.598 62.598 0 0 0 0 0 0 45.4558 45.8701 46.2843 46.6985 0 0 0 0 0 0 50.2843 49.8701 49.4558 49.0416 48.6274 48.2132 47.799 48.2132 48.6274 49.0416 49.4558 49.8701 50.2843 50.6985</row>
            <row>76.0122 75.598 0 0 0 0 0 0 65.0833 64.0833 63.0833 62.0833 61.0833 60.669 0 0 0 0 56.2548 55.8406 55.4264 55.0122 54.598 54.1838 54.598 55.0122 56.0122 57.0122 58.0122 59.0122 60.0122 61.0122 62.0122 63.0122 0 0 0 0 47.8701 46.8701 46.4558 46.8701 47.2843 47.6985 48.1127 0 0 0 0 0 51.2843 50.8701 50.4558 50.0416 49.6274 49.2132 48.799 49.2132 49.6274 50.0416 50.4558 50.8701 51.2843 51.6985</row>
            <row>0 0 0 0 0 0 0 0 65.4975 64.4975 63.4975 62.4975 62.0833 61.669 62.0833 0 0 0 0 56.8406 56.4264 56.0122 55.598 55.1838 55.598 56.0122 56.4264 57.4264 58.4264 59.4264 60.4264 61.4264 62.4264 0 0 0 0 49.2843 48.2843 47.8701 47.4558 47.8701 48.2843 48.6985 49.1127 49.5269 0 0 0 0 52.2843 51.8701 51.4558 51.0416 50.6274 50.2132 49.799 50.2132 50.6274 51.0416 51.4558 51.8701 52.2843 52.6985</row>
            <row>0 0 0 0 0 0 0 0 65.9117 64.9117 63.9117 63.4975 63.0833 62.669 63.0833 0 0 0 0 0 57.4264 57.0122 56.598 56.1838 56.598 57.0122 57.4264 57.8406 58.8406 59.8406 60.8406 61.8406 62.8406 0 0 0 0 49.6985 49.2843 48.8701 48.4558 48.8701 49.2843 49.6985 50.1127 50.5269 0 0 0 0 53.2843 52.8701 52.4558 52.0416 51.6274 51.2132 50.799 51.2132 51.6274 52.0416 52.4558 52.8701 53.2843 53.6985</row>
            <row>0 0 0 0 0 0 0 0 0 65.3259 64.9117 64.4975 64.0833 63.669 64.0833 64.4975 0 0 0 0 58.4264 58.0122 57.598 57.1838 57.598 58.0122 58.4264 58.8406 59.2548 60.2548 61.2548 62.2548 63.2548 0 0 0 0 50.6985 50.2843 49.8701 49.4558 49.8701 50.2843 50.6985 51.1127 51.5269 0 0 0 0 0 0 53.4558 53.0416 52.6274 52.2132 51.799 52.2132 52.6274 53.0416 53.4558 53.8701 54.2843 54.6985</row>
            <row>0 0 0 0 0 0 0 0 66.7401 66.3259 65.9117 65.4975 65.0833 64.669 65.0833 65.4975 0 0 0 0 0 0 58.598 58.1838 58.598 59.0122 59.4264 59.8406 60.2548 60.669 61.669 62.669 0 0 0 0 52.1127 51.6985 51.2843 50.8701 50.4558 50.8701 51.2843 51.6985 52.1127 52.5269 52.9411 0 0 0 0 0 0 0 53.6274 53.2132 52.799 53.2132 0 0 0 54.8701 55.2843 55.6985</row>
            <row>76.8112 75.8112 74.8112 0 0 0 0 68.1543 67.7401 67.3259 66.9117 66.4975 66.0833 65.669 66.0833 66.4975 66.9117 67.9117 0 0 0 0 0 0 0 0 60.4264 60.8406 61.2548 61.669 0 0 0 0 0 53.5269 53.1127 52.6985 52.2843 51.8701 51.4558 51.8701 52.2843 52.6985 53.1127 53.5269 53.9411 54.3553 0 0 0 0 0 0 0 0 0 0 0 0 0 0 0 0</row>
            <row>76.397 75.397 74.397 73.397 0 0 69.5685 69.1543 68.7401 68.3259 67.9117 67.4975 67.0833 66.669 67.0833 67.4975 67.9117 68.3259 69.3259 0 0 0 0 0 0 0 61.4264 61.8406 62.2548 62.669 0 0 0 0 0 54.5269 54.1127 53.6985 53.2843 52.8701 52.4558 52.8701 53.2843 53.6985 54.1127 54.5269 54.9411 55.3553 55.7696 0 0 0 0 0 0 0 0 0 0 0 0 0 0 0</row>
            <row>75.9828 74.9828 73.9828 72.9828 71.9828 70.9828 70.5685 70.1543 69.7401 69.3259 0 0 0 0 68.0833 68.4975 68.9117 69.3259 0 0 0 0 0 0 0 0 62.4264 62.8406 63.2548 63.669 0 0 0 0 0 55.5269 55.1127 54.6985 54.2843 53.8701 53.4558 53.8701 0 0 55.1127 55.5269 55.9411 56.3553 56.7696 57.1838 0 0 0 0 0 0 65.0122 66.0122 0 0 0 0 71.0122 72.0122</row>
            <row>76.397 75.397 74.397 73.397 72.397 71.9828 71.5685 71.1543 70.7401 70.3259 0 0 0 0 0 0 0 0 0 0 0 0 0 0 0 0 0 63.8406 64.2548 64.669 0 0 0 0 0 0 56.1127 55.6985 55.2843 54.8701 0 0 0 0 0 0 56.9411 57.3553 57.7696 58.1838 58.598 59.598 60.598 61.598 62.598 63.598 64.598 65.598 66.598 67.598 68.598 69.598 70.598 71.598</row>
            <row>76.8112 75.8112 74.8112 73.8112 73.397 72.9828 72.5685 72.1543 71.7401 71.3259 0 0 0 0 0 0 0 0 0 0 0 0 0 0 0 0 65.2548 64.8406 65.2548 65.669 66.0833 0 0 0 0 0 0 0 0 0 0 0 0 0 0 0 57.9411 58.3553 58.7696 59.1838 59.598 60.0122 61.0122 62.0122 63.0122 64.0122 65.0122 66.0122 67.0122 68.0122 69.0122 70.0122 71.0122 72.0122</row>
            <row>77.2254 76.2254 75.2254 74.8112 74.397 73.9828 73.5685 73.1543 72.7401 72.3259 72.7401 73.7401 74.7401 0 0 0 0 0 0 0 0 0 0 0 67.669 66.669 66.2548 65.8406 66.2548 66.669 67.0833 67.4975 68.4975 69.4975 70.4975 0 0 0 0 0 0 0 0 0 0 0 0 0 59.7696 60.1838 60.598 61.0122 61.4264 62.4264 63.4264 64.4264 65.4264 66.4264 67.4264 68.4264 69.4264 70.4264 71.4264 72.4264</row>
            <row>77.6396 76.6396 76.2254 75.8112 75.397 74.9828 74.5685 74.1543 73.7401 73.3259 73.7401 74.1543 75.1543 76.1543 77.1543 0 0 0 0 0 0 71.0833 70.0833 69.0833 68.0833 67.669 67.2548 66.8406 67.2548 67.669 68.0833 68.4975 68.9117 69.9117 70.9117 71.9117 72.9117 0 0 0 0 0 0 0 0 0 0 0 60.7696 61.1838 61.598 62.0122 62.4264 62.8406 63.8406 64.8406 65.8406 66.8406 67.8406 68.8406 69.8406 70.8406 71.8406 72.8406</row>
            <row>78.0538 77.6396 77.2254 76.8112 76.397 75.9828 75.5685 75.1543 74.7401 74.3259 74.7401 75.1543 75.5685 76.5685 77.5685 78.5685 0 0 0 0 72.4975 71.4975 70.4975 69.4975 69.0833 68.669 68.2548 67.8406 68.2548 68.669 69.0833 69.4975 69.9117 70.3259 71.3259 72.3259 73.3259 74.3259 0 0 0 0 0 0 0 0 0 0 61.7696 62.1838 62.598 63.0122 63.4264 63.8406 64.2548 65.2548 66.2548 67.2548 68.2548 69.2548 70.2548 71.2548 72.2548 73.2548</row>
            <row>79.0538 78.6396 78.2254 77.8112 77.397 76.9828 76.5685 76.1543 75.7401 75.3259 75.7401 76.1543 76.5685 76.9828 77.9828 78.9828 0 0 0 0 72.9117 71.9117 70.9117 70.4975 70.0833 69.669 69.2548 68.8406 69.2548 69.669 70.0833 70.4975 70.9117 71.3259 71.7401 72.7401 73.7401 74.7401 75.7401 0 0 0 0 0 0 0 64.1838 63.1838 62.7696 63.1838 63.598 64.0122 64.4264 64.8406 65.2548 65.669 66.669 67.669 68.669 69.669 70.669 71.669 72.669 73.669</row>
            <row>80.0538 79.6396 79.2254 78.8112 78.397 77.9828 77.5685 77.1543 76.7401 76.3259 76.7401 77.1543 77.5685 77.9828 78.397 0 0 0 0 0 0 72.3259 71.9117 71.4975 71.0833 70.669 70.2548 69.8406 70.2548 70.669 71.0833 71.4975 71.9117 72.3259 72.7401 73.1543 74.1543 75.1543 76.1543 77.1543 0 0 0 0 0 0 64.598 64.1838 63.7696 64.1838 64.598 65.0122 65.4264 65.8406 66.2548 66.669 67.0833 68.0833 69.0833 70.0833 71.0833 72.0833 73.0833 74.0833</row>
            <row>0 80.6396 80.2254 79.8112 79.397 78.9828 78.5685 78.1543 77.7401 77.3259 77.7401 78.1543 78.5685 78.9828 79.397 0 0 0 0 0 73.7401 73.3259 72.9117 72.4975 72.0833 71.669 71.2548 70.8406 71.2548 71.669 72.0833 72.4975 72.9117 73.3259 73.7401 74.1543 74.5685 75.5685 76.5685 77.5685 78.5685 0 0 0 0 0 65.598 65.1838 64.7696 65.1838 65.598 66.0122 66.4264 66.8406 67.2548 67.669 68.0833 68.4975 69.4975 70.4975 71.4975 72.4975 73.4975 74.4975</row>
            <row>0 0 81.2254 80.8112 80.397 79.9828 79.5685 79.1543 78.7401 78.3259 78.7401 79.1543 79.5685 79.9828 0 0 0 0 0 0 74.7401 74.3259 73.9117 73.4975 73.0833 72.669 72.2548 71.8406 72.2548 72.669 73.0833 73.4975 73.9117 74.3259 74.7401 75.1543 75.5685 75.9828 76.9828 77.9828 78.9828 79.9828 0 0 0 0 0 66.1838 65.7696 66.1838 66.598 67.0122 67.4264 67.8406 68.2548 68.669 69.0833 69.4975 69.9117 70.9117 71.9117 72.9117 73.9117 74.9117</row>
            <row>0 0 82.2254 81.8112 81.397 80.9828 80.5685 80.1543 79.7401 79.3259 79.7401 80.1543 80.5685 80.9828 81.397 0 0 0 0 0 75.7401 75.3259 74.9117 74.4975 74.0833 73.669 73.2548 72.8406 73.2548 73.669 74.0833 74.4975 74.9117 75.3259 75.7401 76.1543 76.5685 76.9828 77.397 78.397 79.397 80.397 0 0 0 0 0 0 66.7696 67.1838 67.598 68.0122 68.4264 68.8406 69.2548 69.669 70.0833 70.4975 70.9117 71.3259 72.3259 73.3259 74.3259 75.3259</row>
            <row>0 0 0 82.8112 82.397 81.9828 81.5685 81.1543 80.7401 80.3259 80.7401 81.1543 81.5685 81.9828 82.397 82.8112 0 0 0 0 0 0 75.9117 75.4975 75.0833 74.669 74.2548 73.8406 74.2548 74.669 75.0833 75.4975 75.9117 76.3259 76.7401 77.1543 77.5685 77.9828 78.397 78.8112 79.8112 0 0 0 0 0 0 0 67.7696 68.1838 68.598 69.0122 69.4264 69.8406 70.2548 70.669 71.0833 71.4975 71.9117 72.3259 72.7401 73.7401 74.7401 75.7401</row>
            <row>0 0 84.2254 83.8112 83.397 82.9828 82.5685 82.1543 81.7401 81.3259 81.7401 82.1543 82.5685 82.9828 83.397 83.8112 84.2254 0 0 0 0 0 76.9117 76.4975 76.0833 75.669 75.2548 74.8406 75.2548 75.669 76.0833 76.4975 76.9117 77.3259 77.7401 78.1543 78.5685 78.9828 79.397 79.8112 0 0 0 0 0 0 70.1838 69.1838 68.7696 69.1838 69.598 70.0122 70.4264 70.8406 71.2548 71.669 72.0833 72.4975 72.9117 73.3259 73.7401 74.1543 0 0</row>
            <row>0 85.6396 0 0 0 83.9828 83.5685 83.1543 82.7401 82.3259 82.7401 83.1543 83.5685 83.9828 84.397 84.8112 85.2254 0 0 0 0 0 0 77.4975 77.0833 76.669 76.2548 75.8406 76.2548 76.669 77.0833 77.4975 77.9117 78.3259 78.7401 79.1543 79.5685 79.9828 80.397 80.8112 0 0 0 0 0 0 70.598 70.1838 69.7696 70.1838 70.598 71.0122 71.4264 71.8406 72.2548 72.669 73.0833 73.4975 73.9117 0 0 0 75.5685 76.5685</row>
            <row>0 0 0 0 85.397 0 0 84.1543 83.7401 83.3259 83.7401 84.1543 84.5685 84.9828 85.397 85.8112 86.2254 0 0 0 0 0 0 78.4975 78.0833 77.669 77.2548 76.8406 77.2548 0 0 0 0 0 0 0 0 80.9828 81.397 81.8112 0 0 0 0 0 0 71.598 71.1838 70.7696 71.1838 71.598 72.0122 72.4264 0 0 0 0 0 0 75.3259 76.3259 0 0 0</row>
        </grid>
    </heatmap>
</root>